0 0.14187161940458554 0.5145662535106852 0.03307692307692308 0.06566347469220246
0 0.18313393952102974 0.5228951964219299 0.025384615384615384 0.06566347469220246
0 0.0532328372438109 0.5963450112589267 0.024615384615384615 0.04240766073871409
0 0.18930700932687064 0.45639341301742214 0.031538461538461536 0.047879616963064295
0 0.23069531007056518 0.4024128879308616 0.03230769230769231 0.05198358413132695
0 0.2808074836267146 0.44552228200548716 0.03 0.05471956224350205
0 0.3592899627275903 0.4379336667977086 0.033846153846153845 0.0533515731874145
0 0.4215535255315331 0.6041107320304409 0.026923076923076925 0.04514363885088919
0 0.3359061157306294 0.7098856314356368 0.025384615384615384 0.058823529411764705
0 0.3106477465921306 0.806389773264025 0.026923076923076925 0.060191518467852256
0 0.32376509957925187 0.7899870632000487 0.023846153846153847 0.04377564979480164
0 0.3216368991958708 0.8386756181914071 0.02076923076923077 0.04514363885088919
0 0.3081349308241341 0.8542356122447342 0.022307692307692306 0.06155950752393981
0 0.3752564577046507 0.7601949430489962 0.018461538461538463 0.0506155950752394
0 0.3588560668771978 0.7653003477105133 0.016923076923076923 0.0506155950752394
0 0.3792599059138079 0.7299790567000195 0.026153846153846153 0.046511627906976744
0 0.38059866057285907 0.7021325969003845 0.02923076923076923 0.04514363885088919
0 0.5083954770153474 0.6702417927601778 0.024615384615384615 0.058823529411764705
0 0.5867465589080788 0.8090821044370393 0.03076923076923077 0.0533515731874145
0 0.48688066440666994 0.4014872853402349 0.033846153846153845 0.08344733242134063
0 0.4990266370735695 0.6086744153851762 0.027692307692307693 0.0533515731874145
0 0.5071575315129253 0.37101774996567594 0.03461538461538462 0.060191518467852256
0 0.4806733069557629 0.2719495101167925 0.023846153846153847 0.0506155950752394
0 0.534940806503179 0.33031943027380894 0.033846153846153845 0.06155950752393981
0 0.559386806671802 0.31924464029358335 0.03 0.058823529411764705
0 0.5393905062653532 0.29082139065828716 0.036923076923076927 0.06429548563611491
0 0.5232127455628567 0.2625568625055963 0.031538461538461536 0.047879616963064295
0 0.5123974026836676 0.1537024609912721 0.03230769230769231 0.058823529411764705
0 0.5605403872067818 0.10733992179650122 0.024615384615384615 0.0560875512995896
0 0.5880963411754234 0.02715583963851809 0.03307692307692308 0.06155950752393981
0 0.6372708908186847 0.0610288993919529 0.03307692307692308 0.057455540355677154
0 0.6514558135583619 0.2213839050988447 0.02846153846153846 0.057455540355677154
0 0.543286737433883 0.6143377534284113 0.02846153846153846 0.06155950752393981
0 0.4990155382929155 0.5624804666298163 0.026923076923076925 0.06155950752393981
0 0.5170022197561308 0.546486837421759 0.026923076923076925 0.07797537619699042
0 0.5424373725284939 0.5457872760920409 0.024615384615384615 0.07113543091655267
0 0.5731982128075177 0.5249508787451859 0.027692307692307693 0.06429548563611491
0 0.5312070918320408 0.4698814493866 0.03538461538461538 0.0560875512995896
0 0.5588984082212441 0.4730992897914594 0.03230769230769231 0.07660738714090287
0 0.6058609237514149 0.4733978763027269 0.02923076923076923 0.07523939808481532
0 0.6183360178996601 0.4504579785815179 0.026923076923076925 0.058823529411764705
0 0.6277341889709821 0.42077635277511677 0.02923076923076923 0.0506155950752394
0 0.6389550878741238 0.35097078891990985 0.036923076923076927 0.049247606019151846
0 0.5438799102534876 0.3632434507838809 0.03 0.05471956224350205
0 0.7187487074918489 0.3072672752886113 0.026923076923076925 0.06566347469220246
0 0.8174022880268289 0.30899106549105754 0.03076923076923077 0.04514363885088919
0 0.8130795601950093 0.34363734947064456 0.026923076923076925 0.0560875512995896
0 0.8464296507846365 0.3264221755396992 0.025384615384615384 0.05198358413132695
0 0.8733921663148072 0.2828995294972174 0.031538461538461536 0.04240766073871409
0 0.808891203480647 0.40422784365120334 0.022307692307692306 0.058823529411764705
0 0.8181633939247189 0.4368556858426076 0.03307692307692308 0.03556771545827633
0 0.8148436257677404 0.4860114177846447 0.026153846153846153 0.060191518467852256
0 0.8179518625804165 0.5164195674121752 0.026923076923076925 0.07113543091655267
0 0.8410517089028854 0.502395271394678 0.026153846153846153 0.06976744186046512
0 0.8371513180754326 0.5348889464022883 0.027692307692307693 0.04377564979480164
0 0.7639661866547777 0.6710474411362035 0.026923076923076925 0.049247606019151846
0 0.8749049963172757 0.3929173796396698 0.026923076923076925 0.0533515731874145
0 0.8958739339659167 0.46964136805694834 0.026923076923076925 0.046511627906976744
0 0.9282082491127064 0.49124023921348103 0.025384615384615384 0.06155950752393981
0 0.9352141684623887 0.5312144432768185 0.031538461538461536 0.03419972640218878
0 0.9516273750578379 0.4727855455653735 0.025384615384615384 0.06429548563611491
0 0.9800778147387225 0.4889525815980416 0.033846153846153845 0.036935704514363885
0 0.6486700958965277 0.5733513614553449 0.03076923076923077 0.03556771545827633
0 0.6375549626655372 0.603374984525768 0.025384615384615384 0.060191518467852256
