0 0.404612050936752 0.17095376568151796 0.0205078125 0.038348082595870206
0 0.03693107922529576 0.7334557163602723 0.0234375 0.035398230088495575
0 0.5989344822552416 0.08232702679822204 0.025390625 0.045722713864306784
0 0.5886035854535946 0.13611217974613213 0.025390625 0.03687315634218289
0 0.5766419533188638 0.17580091919127763 0.021484375 0.03982300884955752
0 0.8332972345640003 0.13015407972444143 0.0166015625 0.03687315634218289
0 0.32929941005164576 0.4788211166797726 0.0234375 0.03392330383480826
0 0.332906754132858 0.5795601985926914 0.0263671875 0.04277286135693215
0 0.35963482657559764 0.5817293305625216 0.0234375 0.04424778761061947
0 0.41984740142889154 0.5477549799860812 0.0234375 0.04424778761061947
0 0.4009143004779184 0.555665924924099 0.0205078125 0.038348082595870206
0 0.31347723692290264 0.615308475840391 0.0234375 0.038348082595870206
0 0.21820670660029695 0.7013037427530797 0.021484375 0.0471976401179941
0 0.4175612347724547 0.4594300926133567 0.01953125 0.03392330383480826
0 0.5779622094648214 0.3574611870296914 0.021484375 0.04277286135693215
0 0.5987000723409442 0.3462713686236008 0.0244140625 0.04129793510324484
0 0.640370791452846 0.26562625618850555 0.01953125 0.030973451327433628
0 0.526082034618638 0.46114397819836395 0.0224609375 0.04424778761061947
0 0.5482274589704347 0.42270608862247105 0.0224609375 0.04129793510324484
0 0.6759229834120527 0.2930648363916395 0.0224609375 0.032448377581120944
0 0.5738062008113777 0.5023825679303342 0.01953125 0.03687315634218289
0 0.5996663200628749 0.48413130590528675 0.025390625 0.045722713864306784
0 0.6613565704247767 0.44073846715037146 0.0263671875 0.04129793510324484
0 0.7406014620385499 0.347046641624502 0.0185546875 0.04277286135693215
0 0.7186954815621276 0.369337167171638 0.017578125 0.04424778761061947
0 0.7344068656130258 0.35874984677300154 0.01953125 0.038348082595870206
0 0.7482574639547175 0.38341679699885106 0.0244140625 0.03982300884955752
0 0.6195199597297911 0.5100129422056421 0.0234375 0.04277286135693215
0 0.6912234139760494 0.43989865589090815 0.025390625 0.038348082595870206
0 0.7352375820187141 0.47755227812127976 0.025390625 0.04277286135693215
0 0.7379616241695376 0.44611674144242475 0.0263671875 0.03687315634218289
0 0.4573971689038167 0.6209460399472926 0.0224609375 0.03687315634218289
0 0.44020936783457976 0.7029010929735595 0.025390625 0.03687315634218289
0 0.46210721330202 0.7093564917770853 0.0263671875 0.03982300884955752
0 0.3564181436365998 0.8268499328985248 0.0244140625 0.038348082595870206
0 0.3320754536598031 0.8611991582900079 0.0263671875 0.03392330383480826
0 0.548262853198353 0.6628161978655098 0.025390625 0.038348082595870206
0 0.5762244605247006 0.6551125456363752 0.0234375 0.03687315634218289
0 0.8462288898914695 0.4141730109084483 0.0234375 0.03982300884955752
0 0.7906515486538191 0.5021265702741072 0.0244140625 0.03982300884955752
0 0.7435477567679655 0.5262016629164334 0.025390625 0.03687315634218289
0 0.7331454874431151 0.5002079884238607 0.0234375 0.035398230088495575
0 0.5877341269161676 0.6853792500950688 0.029296875 0.038348082595870206
0 0.8727397437166942 0.4535485627041141 0.0263671875 0.05014749262536873
0 0.3882628544262702 0.9746020344983712 0.0244140625 0.051622418879056046
0 0.2116596974524667 0.962351179541382 0.0341796875 0.05457227138643068
