0 0.24287642974874168 0.3094892635025922 0.040625 0.0475
0 0.21514846930514872 0.30018958876023677 0.055625 0.05333333333333334
0 0.25352225537173595 0.2619775275773222 0.034375 0.04583333333333333
0 0.26514165203185547 0.32856511029540686 0.051875 0.07083333333333333
0 0.26425503685245416 0.3558586370316946 0.044375 0.06583333333333333
0 0.30843009310826336 0.22717652201085486 0.045625 0.06333333333333334
0 0.29989323976838295 0.26065273927552585 0.051875 0.059166666666666666
0 0.3433726068297003 0.33270279167616545 0.05375 0.06583333333333333
0 0.41090384526419166 0.34613868080862087 0.04375 0.0625
0 0.42134334150035957 0.30453800049979807 0.035 0.0575
0 0.44755286949125794 0.2863432940027121 0.04125 0.059166666666666666
0 0.4389000223451503 0.250253964250536 0.051875 0.06416666666666666
0 0.4289358775669468 0.2157605207562442 0.04125 0.0625
0 0.39684934177437187 0.18555086430913798 0.0575 0.056666666666666664
0 0.43653523090682717 0.18074423998211206 0.03625 0.06833333333333333
0 0.47371591363353394 0.1880722268879805 0.0425 0.0475
0 0.44650597714299506 0.1383735279185587 0.0375 0.0425
0 0.4001324184572453 0.3915690873470644 0.038125 0.05583333333333333
0 0.555259572681199 0.23077680153037627 0.05375 0.08
0 0.6023961878606002 0.279459741260836 0.0475 0.06833333333333333
0 0.6304328369506604 0.24489150946474786 0.048125 0.04666666666666667
0 0.5504138380105397 0.37906654644470933 0.0325 0.055
0 0.5247119211611981 0.3893451232309768 0.03 0.0375
0 0.4908297185192817 0.4086856630613962 0.0275 0.043333333333333335
0 0.46890625 0.44892122693620695 0.03625 0.050833333333333335
0 0.5198697820287428 0.4513907746596402 0.03 0.04666666666666667
0 0.4974661294488628 0.3577125236549285 0.024375 0.0375
0 0.5362249313928154 0.3188829413021936 0.023125 0.030833333333333334
0 0.5464761337607195 0.33947294417676477 0.026875 0.035833333333333335
0 0.5608278918364082 0.3230490710130121 0.024375 0.03833333333333333
0 0.5814102193413185 0.32123536864510793 0.03125 0.04583333333333333
0 0.5233453377365275 0.413350189615009 0.02375 0.04583333333333333
0 0.4175653248009574 0.5358317224657887 0.04 0.049166666666666664
0 0.4625943627494607 0.5379274725571261 0.036875 0.051666666666666666
0 0.49281851183952086 0.5069527222831138 0.03375 0.05333333333333334
0 0.4614825772308981 0.4798511042291414 0.026875 0.03916666666666667
0 0.5273451450522159 0.4842958107262274 0.036875 0.060833333333333336
0 0.5002055239530541 0.45908762126978 0.02875 0.034166666666666665
0 0.6041914809068272 0.4561589309240715 0.05125 0.06416666666666666
0 0.5861950880105397 0.4378456370558078 0.04375 0.03916666666666667
0 0.5735935341846712 0.49026963096542914 0.028125 0.035833333333333335
0 0.5704999884344913 0.5183127569124155 0.0275 0.0275
0 0.6015921275669467 0.4993888837486628 0.02875 0.028333333333333332
0 0.602514008349701 0.5496532890324958 0.03875 0.07083333333333333
0 0.7254957454503009 0.467304620380519 0.043125 0.06
0 0.6717886337607194 0.5453280999413981 0.040625 0.07583333333333334
0 0.6605178081377252 0.5918131268603606 0.025625 0.0425
0 0.6797754192792822 0.6146982673387641 0.029375 0.051666666666666666
0 0.6234993872505393 0.603501693061718 0.040625 0.0675
0 0.6292702244390421 0.6454816458863093 0.041875 0.07
0 0.670748184882635 0.6773689187674276 0.040625 0.07416666666666667
0 0.7226566238031146 0.6395156975562495 0.0325 0.041666666666666664
0 0.7462024949022763 0.6588203102264294 0.025625 0.04416666666666667
0 0.7305170027039529 0.6718032124530163 0.020625 0.03833333333333333
0 0.7179931711611982 0.7068548834315397 0.02875 0.04666666666666667
0 0.7172417645434738 0.668745521924633 0.024375 0.03916666666666667
0 0.779044838284552 0.6758965578085453 0.02625 0.049166666666666664
0 0.7866009295108992 0.700809208871859 0.03875 0.05333333333333334
0 0.8095866937803606 0.6291937147795629 0.038125 0.058333333333333334
0 0.7838226738651511 0.6081202727225566 0.038125 0.045
0 0.7191397906524561 0.5812384747251111 0.045 0.07333333333333333
0 0.7667517572898218 0.5538272906524562 0.049375 0.08333333333333333
0 0.7656818388325766 0.4964446987867469 0.03625 0.06916666666666667
0 0.796745529634972 0.4537240925722954 0.0525 0.056666666666666664
0 0.8711112960603619 0.4171372960121355 0.05 0.058333333333333334
0 0.9080632129097035 0.4253394813394011 0.0525 0.0625
0 0.9030139389566494 0.45829486527073876 0.04 0.0575
0 0.8664612621497031 0.4613735252990023 0.035625 0.04833333333333333
0 0.8755492045600023 0.490677601013334 0.045 0.08666666666666667
0 0.8361055000361699 0.4715070703305392 0.038125 0.056666666666666664
0 0.8615944860407205 0.5440037047185641 0.04125 0.056666666666666664
0 0.821383755681918 0.5354481543032344 0.04375 0.06666666666666667
0 0.8445319976062292 0.6134745678454311 0.0475 0.08416666666666667
0 0.8735480137576067 0.5811401760210795 0.03 0.05416666666666667
0 0.9018613076258706 0.5651513981215184 0.03875 0.0675
0 0.9095055339468288 0.5402088317374862 0.03375 0.08
0 0.9452320877726973 0.5257730710612386 0.048125 0.08166666666666667
0 0.15459105241963733 0.8338348362561309 0.045 0.07916666666666666
0 0.2128682752507757 0.7545688355254315 0.05125 0.06583333333333333
0 0.18489211835903901 0.7504864399372477 0.043125 0.075
0 0.20092237024095502 0.8061948863061107 0.0425 0.055
0 0.19542377685867948 0.8340371577499434 0.056875 0.0575
0 0.26687607907664423 0.7701643132836753 0.041875 0.08
0 0.2577060134112548 0.8094753308723384 0.0525 0.06
0 0.28744278736430884 0.8170749526901429 0.04375 0.05333333333333334
0 0.31160523032263276 0.7136424291696628 0.051875 0.06333333333333334
0 0.3720080659032318 0.7372432456450324 0.04 0.0825
0 0.38745276854514826 0.6876147901285449 0.05 0.07833333333333334
0 0.34280595636957867 0.8061469354668295 0.043125 0.07666666666666666
0 0.3210499560955664 0.8491576051907421 0.046875 0.0825
0 0.2752675268586795 0.9651992333057133 0.028125 0.05
0 0.2466140900941283 0.9918792467651948 0.033125 0.0475
0 0.4527187846965258 0.7148295206700223 0.0375 0.058333333333333334
0 0.4431951574035914 0.7879347304070291 0.04125 0.0775
0 0.4141416751628727 0.7683325753972085 0.026875 0.04083333333333333
0 0.4306152346344894 0.8103942583979274 0.038125 0.07
0 0.4810098578895795 0.8244292401026783 0.029375 0.058333333333333334
0 0.4958355723710168 0.7925339514355323 0.048125 0.0775
0 0.5223373643573644 0.7441943570606017 0.045 0.08666666666666667
0 0.5401310234050295 0.6821746130596428 0.04875 0.06416666666666666
0 0.5181282217350893 0.669779853638006 0.04 0.058333333333333334
0 0.25138972518873925 0.9497243468651543 0.028125 0.030833333333333334
0 0.41063649188814133 0.9738244902181289 0.046875 0.043333333333333335
0 0.41435203171856066 0.9374281353496254 0.024375 0.041666666666666664
0 0.4820909945920942 0.8843302605659125 0.03125 0.045
0 0.4590431272567646 0.9245937358149348 0.036875 0.0475
0 0.5360531200031126 0.8548507008202836 0.040625 0.065
0 0.6040088250749698 0.7633588759038755 0.03875 0.05333333333333334
