0 0.39463848753943875 0.5711319809446792 0.028935185185185185 0.03497942386831276
0 0.36246453606047085 0.4843281064576029 0.02353395061728395 0.027777777777777776
0 0.23051383286996147 0.6691885162611088 0.021604938271604937 0.03652263374485597
0 0.20199771604302266 0.6458780605245815 0.02507716049382716 0.04681069958847737
0 0.21331245462763226 0.39710405982760233 0.021604938271604937 0.0360082304526749
0 0.23380560952243534 0.39257442610019305 0.02816358024691358 0.035493827160493825
0 0.32348364262955515 0.37399655518621844 0.022762345679012346 0.0257201646090535
0 0.3381639166223105 0.35953209951011367 0.015817901234567902 0.032407407407407406
0 0.2577304319455891 0.4276327279895505 0.023919753086419752 0.03806584362139918
0 0.25170043070732434 0.5624029633884826 0.019675925925925927 0.032407407407407406
0 0.2439983642294649 0.6334696495589572 0.017746913580246913 0.025205761316872428
0 0.24307911812522887 0.6527929056855192 0.020061728395061727 0.032407407407407406
0 0.3149179952282086 0.6380890517022264 0.02546296296296296 0.03497942386831276
0 0.2102411453614231 0.5996204428070285 0.023919753086419752 0.03189300411522634
0 0.22523946493974792 0.6350611676076992 0.020833333333333332 0.033950617283950615
0 0.28445408025267777 0.693369004379884 0.025848765432098766 0.03446502057613169
