0 0.6221064814814815 0.5010288065843621 0.028935185185185185 0.03497942386831276
0 0.6051311728395061 0.37602880658436216 0.02353395061728395 0.027777777777777776
0 0.8059413580246914 0.4879115226337449 0.021604938271604937 0.03652263374485597
0 0.8177083333333334 0.4390432098765432 0.02507716049382716 0.04681069958847737
0 0.6840277777777778 0.16049382716049382 0.021604938271604937 0.0360082304526749
0 0.6649305555555556 0.17103909465020575 0.02816358024691358 0.035493827160493825
0 0.581983024691358 0.21862139917695472 0.022762345679012346 0.0257201646090535
0 0.5626929012345679 0.2132201646090535 0.015817901234567902 0.032407407407407406
0 0.6628086419753086 0.22993827160493827 0.023919753086419752 0.03806584362139918
0 0.7351466049382716 0.3809156378600823 0.019675925925925927 0.032407407407407406
0 0.7770061728395061 0.45704732510288065 0.017746913580246913 0.025205761316872428
0 0.7874228395061729 0.4786522633744856 0.020061728395061727 0.032407407407407406
0 0.7210648148148148 0.5169753086419753 0.02546296296296296 0.03497942386831276
0 0.7878086419753086 0.39197530864197533 0.023919753086419752 0.03189300411522634
0 0.7932098765432098 0.4444444444444444 0.020833333333333332 0.033950617283950615
0 0.7737268518518519 0.5573559670781894 0.025848765432098766 0.03446502057613169
