0 0.19150033486426998 0.36150973265219344 0.03298611111111111 0.059895833333333336
0 0.23036751433266683 0.3571673674301376 0.027777777777777776 0.06510416666666667
0 0.51715184751231 0.15279167136825955 0.03819444444444445 0.06640625
0 0.5018301156593492 0.17330406821406816 0.034722222222222224 0.07161458333333333
0 0.41753054733366607 0.3329417288640199 0.042534722222222224 0.06770833333333333
0 0.38205768560645365 0.32402580195733305 0.03211805555555555 0.061197916666666664
0 0.1715996179873568 0.4497316912030926 0.03298611111111111 0.057291666666666664
0 0.2249713913303378 0.44973398337599685 0.030381944444444444 0.05859375
0 0.1617343951490332 0.4881406325558874 0.024305555555555556 0.053385416666666664
0 0.15246206528110223 0.5266687228031434 0.035590277777777776 0.05859375
0 0.20598129780904662 0.536709155787924 0.022569444444444444 0.057291666666666664
0 0.29214691796207465 0.4811060386292409 0.034722222222222224 0.06510416666666667
0 0.37222362456054525 0.37030483267739345 0.0234375 0.059895833333333336
0 0.3784995088695935 0.4727234576741511 0.027777777777777776 0.057291666666666664
0 0.6247292317308735 0.1865638135222023 0.03732638888888889 0.07291666666666667
0 0.7521864583835692 0.058833232064117315 0.035590277777777776 0.06640625
0 0.5872659707501677 0.2462351021040392 0.035590277777777776 0.057291666666666664
0 0.04031933936227203 0.6592641687562384 0.030381944444444444 0.045572916666666664
0 0.0038279066640017037 0.6787392825683641 0.026041666666666668 0.053385416666666664
0 0.08134107682335016 0.654997340906438 0.035590277777777776 0.057291666666666664
0 0.11274464846939164 0.6427210346170168 0.03211805555555555 0.049479166666666664
0 0.10598218097637707 0.8118641043131265 0.03211805555555555 0.055989583333333336
0 0.19594192862541304 0.7759681364226573 0.041666666666666664 0.07682291666666667
0 0.26630199022854056 0.768303580000751 0.035590277777777776 0.06901041666666667
0 0.3101042780176296 0.6773785460666183 0.04774305555555555 0.06770833333333333
0 0.3948203556523609 0.609330938862526 0.035590277777777776 0.09114583333333333
0 0.3529670179747157 0.6892093436347323 0.03993055555555555 0.06510416666666667
0 0.3388488902747817 0.8232742176836361 0.026041666666666668 0.06640625
0 0.3094565923250143 0.8402440735456622 0.03732638888888889 0.08854166666666667
0 0.43879015815468936 0.7511373598849828 0.04079861111111111 0.08333333333333333
0 0.47735101324550805 0.7374398213677672 0.03993055555555555 0.07421875
0 0.3725213797335307 0.9079644819293956 0.030381944444444444 0.06510416666666667
0 0.44226573635096295 0.9216229932702142 0.03732638888888889 0.07161458333333333
0 0.5031269857621411 0.8680835955002536 0.028645833333333332 0.06901041666666667
0 0.6162031470518962 0.7127991467510006 0.03819444444444445 0.08854166666666667
0 0.7255280483892221 0.7390586462210611 0.04513888888888889 0.057291666666666664
0 0.7618678470139729 0.6948892385848331 0.03298611111111111 0.08854166666666667
0 0.7804250314155036 0.6618015171269983 0.03732638888888889 0.078125
0 0.7529805649191628 0.6130351764618281 0.04600694444444445 0.07942708333333333
0 0.6999025912880915 0.5784195985474064 0.046875 0.09765625
0 0.6410131040036599 0.5994701504982549 0.04079861111111111 0.07552083333333333
0 0.59290363780173 0.5955211279695621 0.043402777777777776 0.09505208333333333
0 0.45151689203260076 0.6057120215129751 0.022569444444444444 0.05859375
0 0.5683229196610116 0.5491175250157193 0.044270833333333336 0.0703125
0 0.5589445797501666 0.5200668881245013 0.042534722222222224 0.0703125
0 0.5810424224198277 0.4290694479845303 0.03819444444444445 0.078125
0 0.5338777975964742 0.3917103143310867 0.04600694444444445 0.07942708333333333
0 0.4959554595066538 0.36264256842839165 0.04600694444444445 0.061197916666666664
0 0.5939374899254833 0.3669630154855277 0.03298611111111111 0.07942708333333333
0 0.6775871352425169 0.2608117475840795 0.028645833333333332 0.06510416666666667
0 0.6504459368932154 0.26143399456711336 0.033854166666666664 0.06380208333333333
0 0.6134155850322703 0.2672178321948579 0.033854166666666664 0.049479166666666664
0 0.6746830564028624 0.3706791635646196 0.04079861111111111 0.08203125
0 0.6864816484564222 0.3172885483662658 0.03298611111111111 0.057291666666666664
0 0.751926057780109 0.2106957419034404 0.042534722222222224 0.0703125
0 0.7675863944610803 0.26209817508532723 0.043402777777777776 0.06770833333333333
0 0.779098717665338 0.42204570073652664 0.04513888888888889 0.07161458333333333
0 0.8216083905562233 0.41271619095858253 0.046875 0.06901041666666667
0 0.910899578069863 0.4664049854860284 0.050347222222222224 0.09244791666666667
