0 0.2169545840881185 0.4516982223294635 0.022376543209876542 0.040123456790123455
0 0.23543798121150145 0.45274054714511613 0.020833333333333332 0.033950617283950615
0 0.2875811522229604 0.44426212594780706 0.017746913580246913 0.02263374485596708
0 0.28049549427396947 0.4333938767551305 0.021604938271604937 0.01748971193415638
0 0.3448292811077098 0.44262658483447825 0.016203703703703703 0.02880658436213992
0 0.3642633347184144 0.44214416602094486 0.016203703703703703 0.037037037037037035
0 0.2442313229765635 0.5782967833533925 0.022376543209876542 0.03497942386831276
0 0.14458574361942508 0.6375993884903782 0.016975308641975308 0.030864197530864196
0 0.32304085235100055 0.5164018844085655 0.019290123456790122 0.029835390946502057
0 0.3878009963477483 0.49238436678662395 0.020061728395061727 0.030864197530864196
0 0.38900266946107726 0.47198185334969517 0.016203703703703703 0.024691358024691357
0 0.45766682614179083 0.3571553694789171 0.020061728395061727 0.027777777777777776
0 0.4638710760310492 0.3850942178410573 0.014660493827160493 0.0257201646090535
0 0.48004336935166736 0.3939140869886881 0.018518518518518517 0.01748971193415638
0 0.27199054569409165 0.5660274433385085 0.015432098765432098 0.026748971193415638
0 0.2618674390726677 0.5825768801001459 0.020833333333333332 0.02263374485596708
0 0.2321119443072351 0.6625545296510202 0.018518518518518517 0.0360082304526749
0 0.3630156736124777 0.5596933556221882 0.023148148148148147 0.03497942386831276
0 0.3718411536846296 0.5849937445580945 0.023148148148148147 0.03292181069958848
0 0.26678519544880397 0.687106065003624 0.023148148148148147 0.03909465020576132
0 0.20217640363007056 0.7021129547971728 0.017746913580246913 0.029835390946502057
0 0.20347601890470632 0.7466861491336362 0.018518518518518517 0.03189300411522634
0 0.2232026381979718 0.7366534738365266 0.014660493827160493 0.02263374485596708
0 0.23865130329828982 0.7334821448707545 0.018518518518518517 0.024691358024691357
0 0.2392235793405755 0.7544839708125501 0.021604938271604937 0.03292181069958848
0 0.22843224324092284 0.7714788938930067 0.019290123456790122 0.02880658436213992
0 0.305936724041988 0.7282734800831938 0.024691358024691357 0.023662551440329218
0 0.3939187035505274 0.6513538880059155 0.022376543209876542 0.02880658436213992
0 0.42135295583972715 0.5876247819602286 0.021604938271604937 0.026748971193415638
0 0.5264329024345386 0.48015063344954517 0.016203703703703703 0.0205761316872428
0 0.5418954172203744 0.48008847559182855 0.018518518518518517 0.027777777777777776
0 0.3332534847469495 0.4984563048407873 0.023148148148148147 0.02880658436213992
0 0.261781357871515 0.43428732340080217 0.013117283950617283 0.021604938271604937
0 0.2551932942384845 0.49213772408112116 0.018518518518518517 0.029835390946502057
0 0.6779844858626465 0.43435654803104856 0.016203703703703703 0.026748971193415638
0 0.667629645599469 0.4096302462370068 0.017746913580246913 0.0257201646090535
0 0.7177394344425243 0.3530584317630405 0.017746913580246913 0.027777777777777776
0 0.7512654168501537 0.36723765496779176 0.015432098765432098 0.03189300411522634
0 0.7384795309892827 0.37709803783149654 0.015432098765432098 0.030864197530864196
0 0.2004000042637654 0.8944108518147942 0.017746913580246913 0.0360082304526749
0 0.27974062458593674 0.7851630856027234 0.017361111111111112 0.032407407407407406
0 0.3336398200934405 0.8216218154058337 0.021604938271604937 0.03806584362139918
0 0.28578895014178785 0.8479538163883626 0.018518518518518517 0.03343621399176955
0 0.5719038198138534 0.6879491259388406 0.016589506172839507 0.03755144032921811
0 0.4088591741760903 0.8672551378968523 0.02700617283950617 0.033950617283950615
0 0.3835357024309876 0.8997294735522579 0.022376543209876542 0.030864197530864196
0 0.5710737355221404 0.7649034191441346 0.022376543209876542 0.02880658436213992
0 0.5443269956954232 0.7680335305075805 0.029320987654320986 0.021604938271604937
0 0.41403066382760184 0.9212752132568489 0.021604938271604937 0.043209876543209874
