0 0.1091970142056603 0.5061626358171551 0.016975308641975308 0.027777777777777776
0 0.23922304646322037 0.4319522312390515 0.013117283950617283 0.027777777777777776
0 0.26570491997841234 0.4445907185752928 0.016203703703703703 0.023662551440329218
0 0.2586192620294214 0.43372246938261627 0.018518518518518517 0.01646090534979424
0 0.21455322658682424 0.5789262692373282 0.024691358024691357 0.026748971193415638
0 0.23382207833399668 0.5843453071441319 0.020061728395061727 0.0257201646090535
0 0.12946748224617152 0.628967804015476 0.021604938271604937 0.0257201646090535
0 0.21307383183913414 0.6551997202828922 0.016975308641975308 0.03189300411522634
0 0.173448963727653 0.7012176970519225 0.016975308641975308 0.0257201646090535
0 0.17325705685576698 0.7441123215731521 0.018518518518518517 0.03189300411522634
0 0.19491268849471147 0.7372485012337815 0.014660493827160493 0.03292181069958848
0 0.20997555112589364 0.7334434012764616 0.016975308641975308 0.030864197530864196
0 0.3481014465099418 0.5861191674868541 0.019290123456790122 0.03292181069958848
0 0.44865315020980273 0.3863297753455051 0.018518518518518517 0.026748971193415638
0 0.4625761661311453 0.3953127038028622 0.020061728395061727 0.01954732510288066
0 0.2464244737097634 0.6837513993811899 0.021604938271604937 0.03806584362139918
0 0.37107796513313973 0.6500980531545318 0.017746913580246913 0.030864197530864196
0 0.441009065904044 0.3575688713190885 0.019290123456790122 0.030864197530864196
0 0.1945380190617255 0.771355241086028 0.014660493827160493 0.030864197530864196
0 0.2081573362643574 0.7551479151831669 0.016203703703703703 0.026748971193415638
0 0.28337841263369334 0.7259383879214432 0.023919753086419752 0.0257201646090535
0 0.3386661187896781 0.7033354793529997 0.021604938271604937 0.029835390946502057
0 0.5509971630788789 0.6856266464585913 0.017746913580246913 0.0257201646090535
0 0.47357578039092074 0.7474870869167373 0.016975308641975308 0.026748971193415638
0 0.7758462438293798 0.5441914993491546 0.019290123456790122 0.024691358024691357
0 0.5582200570816888 0.5231092269280702 0.014660493827160493 0.023662551440329218
0 0.17696671245715623 0.8890951893680332 0.017746913580246913 0.03292181069958848
0 0.25078208144244557 0.8452307792036701 0.023919753086419752 0.030864197530864196
