0 0.008719518707026124 0.4522317923374298 0.03076923076923077 0.03810623556581986
0 0.12869606422374755 0.3666802446828814 0.02846153846153846 0.04849884526558892
0 0.21241398921757607 0.296343244943422 0.031538461538461536 0.03117782909930716
0 0.11142807614201536 0.42914265777809585 0.024615384615384615 0.05658198614318707
0 0.1628540985054612 0.3995437133183038 0.027692307692307693 0.04734411085450346
0 0.08800254231288565 0.4672259346447416 0.021538461538461538 0.03464203233256351
0 0.14385164159940841 0.4458074661012557 0.024615384615384615 0.049653579676674366
0 0.16409448667946383 0.43561379140943834 0.026923076923076925 0.026558891454965358
0 0.19487554191358666 0.3990098319945772 0.025384615384615384 0.04157043879907621
0 0.24754836033503338 0.3829754959841776 0.027692307692307693 0.054272517321016164
0 0.2689423432784881 0.4104189326485858 0.02923076923076923 0.050808314087759814
0 0.23952765684561816 0.4304968718792978 0.026153846153846153 0.050808314087759814
0 0.17284868192456734 0.4890448506678091 0.03230769230769231 0.05889145496535797
0 0.025370419420503366 0.6077389313351499 0.024615384615384615 0.049653579676674366
0 0.3216287031521694 0.2168692258348487 0.021538461538461538 0.03695150115473441
0 0.3306267347804327 0.2716173110246545 0.027692307692307693 0.03348729792147806
0 0.35733629775299847 0.291570890954458 0.026153846153846153 0.04734411085450346
0 0.3888875750594564 0.304890301682895 0.018461538461538463 0.04503464203233257
0 0.41751182446489205 0.25390472255451846 0.024615384615384615 0.03695150115473441
0 0.4092527011732109 0.2291029241968686 0.031538461538461536 0.04157043879907621
0 0.3188945141811872 0.5149301292428536 0.023076923076923078 0.050808314087759814
0 0.39043072749457375 0.36923396780882406 0.023846153846153847 0.04849884526558892
0 0.4383160685634272 0.32529207990463205 0.024615384615384615 0.04849884526558892
0 0.4515981151006544 0.3048225683700658 0.026153846153846153 0.03348729792147806
0 0.076744187408859 0.7096830653297023 0.026153846153846153 0.03695150115473441
0 0.06813916165541803 0.7301422135891927 0.023076923076923078 0.04157043879907621
0 0.1817520466613334 0.616366117444041 0.026153846153846153 0.03579676674364896
0 0.17771827601952758 0.6703952704581059 0.01769230769230769 0.03579676674364896
0 0.16457330889020458 0.6772614972741643 0.016153846153846154 0.03579676674364896
0 0.2393669285079298 0.63112339252396 0.027692307692307693 0.02424942263279446
0 0.23295543889982293 0.6149350954867733 0.026923076923076925 0.03348729792147806
0 0.34453307342651196 0.55368810835375 0.02923076923076923 0.050808314087759814
0 0.34857893415207614 0.5871524475760541 0.026153846153846153 0.042725173210161664
0 0.25880110421166064 0.7060391655392974 0.026923076923076925 0.050808314087759814
0 0.25430899193307943 0.6804099926424487 0.02846153846153846 0.04849884526558892
0 0.2892362569840237 0.7146961527415767 0.026153846153846153 0.04041570438799076
0 0.3070195319742774 0.6618472703014494 0.03 0.03926096997690531
0 0.3295370386389296 0.7199483395298661 0.033846153846153845 0.05542725173210162
0 0.34269852112980037 0.6810687779492487 0.03 0.050808314087759814
0 0.1431832911591675 0.8438207753281275 0.026923076923076925 0.04387990762124711
0 0.36483312939717966 0.6544547486055525 0.03 0.046189376443418015
0 0.3452968876148489 0.6261169481387905 0.026153846153846153 0.05542725173210162
0 0.3675520599285847 0.6179129688411455 0.031538461538461536 0.05658198614318707
0 0.3849203971015743 0.5928763360376161 0.026923076923076925 0.049653579676674366
0 0.3951760579496261 0.5191767330341441 0.027692307692307693 0.054272517321016164
0 0.4067135281849833 0.49201642631013237 0.02923076923076923 0.04849884526558892
0 0.40903403626067214 0.4512735614177642 0.027692307692307693 0.03464203233256351
0 0.4450138070711009 0.40176729974117226 0.023076923076923078 0.049653579676674366
0 0.4085315651201472 0.39664909147919264 0.03076923076923077 0.04157043879907621
0 0.4654967889407648 0.37989304646186467 0.03461538461538462 0.03926096997690531
0 0.48995117959959483 0.4450405837456536 0.027692307692307693 0.049653579676674366
0 0.48484640523054795 0.5178741359408113 0.025384615384615384 0.04734411085450346
0 0.4947884686556976 0.557913241545215 0.027692307692307693 0.050808314087759814
0 0.5351296802208017 0.5251339678422374 0.026153846153846153 0.04503464203233257
0 0.5207352087430308 0.553938660369571 0.02923076923076923 0.04734411085450346
0 0.5389455116343067 0.5607710205292149 0.02846153846153846 0.046189376443418015
0 0.5298121175854817 0.4356224672176564 0.023076923076923078 0.03926096997690531
0 0.5159356413066792 0.4385376162394096 0.025384615384615384 0.03810623556581986
0 0.5629652095861455 0.35923699597593584 0.026923076923076925 0.03810623556581986
0 0.5934730973075643 0.3983402846776829 0.031538461538461536 0.04503464203233257
0 0.617017478195708 0.4626708106973488 0.023846153846153847 0.04734411085450346
0 0.6191264549270943 0.48908868186428084 0.03307692307692308 0.04734411085450346
0 0.6090381959195953 0.5206614047807945 0.03461538461538462 0.04041570438799076
0 0.5878840841468829 0.3005322793294498 0.024615384615384615 0.04503464203233257
0 0.6909654325015954 0.3716661084650458 0.027692307692307693 0.06235565819861432
0 0.6377672196940778 0.387594778943175 0.024615384615384615 0.03926096997690531
0 0.7195492519968328 0.35871198982793645 0.021538461538461538 0.054272517321016164
0 0.6995152299706328 0.33724800262112126 0.027692307692307693 0.046189376443418015
0 0.4579484997780921 0.691567597863453 0.02846153846153846 0.057736720554272515
0 0.4259687432021355 0.8835758075749514 0.031538461538461536 0.053117782909930716
0 0.44674167356491756 0.9349860816139225 0.02923076923076923 0.06004618937644342
0 0.40875968299835796 0.9729947827735251 0.03 0.05658198614318707
0 0.27455851051599933 0.8287159585083353 0.02846153846153846 0.03579676674364896
0 0.29460264001974884 0.8406720805923338 0.03076923076923077 0.03810623556581986
0 0.5340811396737347 0.8029291043363286 0.026923076923076925 0.054272517321016164
0 0.3386832484557511 0.8000859535579403 0.023846153846153847 0.03695150115473441
0 0.5107108341290085 0.8549713387874084 0.025384615384615384 0.046189376443418015
0 0.5102056546980367 0.8358499430095044 0.023076923076923078 0.03579676674364896
0 0.553868617026328 0.8585791397723762 0.025384615384615384 0.046189376443418015
0 0.7393564130667926 0.03333607461945838 0.03076923076923077 0.057736720554272515
0 0.659547269390624 0.15074069829972953 0.03076923076923077 0.03810623556581986
0 0.6935258117480264 0.1382375547857412 0.040769230769230766 0.03810623556581986
0 0.7931675535836421 0.09994978924876878 0.043076923076923075 0.046189376443418015
0 0.8263391435520624 0.08855234060167487 0.027692307692307693 0.07043879907621248
0 0.8372104403998929 0.061892048544975105 0.03076923076923077 0.05542725173210162
0 0.9433329728179861 0.23824638722517807 0.023846153846153847 0.057736720554272515
0 0.8971433876505975 0.2524146430926396 0.023076923076923078 0.04503464203233257
0 0.8476293434295747 0.24657750265491893 0.023846153846153847 0.03810623556581986
0 0.2789630894713197 0.7719084118300147 0.027692307692307693 0.04157043879907621
0 0.48649928855023405 0.7426401487554618 0.023846153846153847 0.05889145496535797
0 0.8576128280680269 0.29708582644764814 0.026153846153846153 0.03348729792147806
0 0.8448312700651156 0.2751784505616001 0.03076923076923077 0.04157043879907621
0 0.8269974576871144 0.3755666586158115 0.02923076923076923 0.04157043879907621
0 0.8280556456463588 0.4017731987182029 0.033846153846153845 0.05542725173210162
0 0.7694074816922729 0.4032919364887771 0.03461538461538462 0.042725173210161664
0 0.7716434303540138 0.4256143880600182 0.02923076923076923 0.04041570438799076
0 0.9375400931189712 0.414599437173542 0.03 0.053117782909930716
0 0.8860255461291602 0.3132609833785718 0.021538461538461538 0.046189376443418015
0 0.9069705692291508 0.3840426605291031 0.019230769230769232 0.042725173210161664
0 0.6489543621898857 0.5252022458372314 0.03 0.06004618937644342
0 0.6535495318501712 0.5527541248650976 0.025384615384615384 0.046189376443418015
0 0.9533305301464055 0.47324956061346196 0.023846153846153847 0.05658198614318707
0 0.9193759023376536 0.4797345784007419 0.03307692307692308 0.05196304849884527
0 0.6825899759948415 0.7034620849791622 0.023846153846153847 0.042725173210161664
0 0.7383653490292043 0.6030966362566155 0.026153846153846153 0.04387990762124711
0 0.6011255063274062 0.8126088802048965 0.02846153846153846 0.05889145496535797
0 0.705705346375754 0.6111100110398712 0.019230769230769232 0.03810623556581986
0 0.5879179117265771 0.7795209403986701 0.02076923076923077 0.04734411085450346
