0 0.3875 0.0825 0.059 0.049
0 0.327 0.1325 0.05 0.055
0 0.327 0.1635 0.044 0.031
0 0.2725 0.16 0.063 0.06
0 0.4165 0.237 0.053 0.056
0 0.3365 0.233 0.055 0.062
0 0.537 0.284 0.058 0.046
0 0.513 0.3265 0.054 0.059
0 0.566 0.3385 0.054 0.053
0 0.5355 0.385 0.061 0.066
0 0.3515 0.363 0.059 0.042
0 0.096 0.287 0.058 0.05
0 0.046 0.2885 0.056 0.051
0 0.0545 0.2525 0.049 0.043
0 0.6745 0.4805 0.067 0.059
0 0.4355 0.575 0.059 0.064
0 0.634 0.5605 0.056 0.063
0 0.6745 0.605 0.065 0.088
0 0.742 0.579 0.054 0.078
0 0.8295 0.753 0.073 0.058
0 0.3425 0.6245 0.059 0.063
0 0.3945 0.64 0.057 0.062
0 0.3565 0.5005 0.051 0.059
0 0.4845 0.6715 0.077 0.067
0 0.3095 0.65 0.059 0.07
0 0.1805 0.715 0.069 0.074
0 0.393 0.7035 0.068 0.063
0 0.3845 0.7515 0.069 0.057
0 0.329 0.736 0.068 0.064
0 0.3615 0.8195 0.063 0.055
0 0.3425 0.87 0.065 0.056
0 0.3915 0.8755 0.055 0.063
0 0.097 0.886 0.052 0.04
