0 0.6918402777777778 0.07291666666666667 0.03298611111111111 0.059895833333333336
0 0.6579861111111112 0.1015625 0.027777777777777776 0.06510416666666667
0 0.3315972222222222 0.11393229166666667 0.03819444444444445 0.06640625
0 0.3532986111111111 0.12434895833333333 0.034722222222222224 0.07161458333333333
0 0.4934895833333333 0.23567708333333334 0.042534722222222224 0.06770833333333333
0 0.5186631944444444 0.19466145833333334 0.03211805555555555 0.061197916666666664
0 0.7473958333333334 0.15755208333333334 0.03298611111111111 0.057291666666666664
0 0.7035590277777778 0.20377604166666666 0.030381944444444444 0.05859375
0 0.7725694444444444 0.193359375 0.024305555555555556 0.053385416666666664
0 0.7973090277777778 0.22981770833333334 0.035590277777777776 0.05859375
0 0.7578125 0.2877604166666667 0.022569444444444444 0.057291666666666664
0 0.6623263888888888 0.2981770833333333 0.034722222222222224 0.06510416666666667
0 0.5473090277777778 0.23958333333333334 0.0234375 0.059895833333333336
0 0.5876736111111112 0.36328125 0.027777777777777776 0.057291666666666664
0 0.2582465277777778 0.24609375 0.03732638888888889 0.07291666666666667
0 0.09678819444444445 0.208984375 0.035590277777777776 0.06640625
0 0.3155381944444444 0.2825520833333333 0.035590277777777776 0.057291666666666664
0 0.9483506944444444 0.2858072916666667 0.030381944444444444 0.045572916666666664
0 0.9869791666666666 0.2766927083333333 0.026041666666666668 0.053385416666666664
0 0.984375 0.22981770833333334 0.03125 0.055989583333333336
0 0.9626736111111112 0.13606770833333334 0.027777777777777776 0.045572916666666664
0 0.9127604166666666 0.31640625 0.035590277777777776 0.057291666666666664
0 0.8815104166666666 0.3294270833333333 0.03211805555555555 0.049479166666666664
0 0.9622395833333334 0.5188802083333334 0.03211805555555555 0.055989583333333336
0 0.8723958333333334 0.5553385416666666 0.041666666666666664 0.07682291666666667
0 0.8111979166666666 0.607421875 0.035590277777777776 0.06901041666666667
0 0.7348090277777778 0.5403645833333334 0.04774305555555555 0.06770833333333333
0 0.6349826388888888 0.53515625 0.035590277777777776 0.09114583333333333
0 0.7048611111111112 0.5911458333333334 0.03993055555555555 0.06510416666666667
0 0.7760416666666666 0.7337239583333334 0.026041666666666668 0.06640625
0 0.8077256944444444 0.7278645833333334 0.03732638888888889 0.08854166666666667
0 0.6618923611111112 0.7369791666666666 0.04079861111111111 0.08333333333333333
0 0.6241319444444444 0.7545572916666666 0.03993055555555555 0.07421875
0 0.7860243055555556 0.8606770833333334 0.030381944444444444 0.06510416666666667
0 0.7348090277777778 0.9368489583333334 0.03732638888888889 0.07161458333333333
0 0.6610243055555556 0.927734375 0.028645833333333332 0.06901041666666667
0 0.4991319444444444 0.8463541666666666 0.03819444444444445 0.08854166666666667
0 0.4210069444444444 0.9713541666666666 0.04513888888888889 0.057291666666666664
0 0.3715277777777778 0.9518229166666666 0.03298611111111111 0.08854166666666667
0 0.3415798611111111 0.9296875 0.03732638888888889 0.078125
0 0.3424479166666667 0.849609375 0.04600694444444445 0.07942708333333333
0 0.3706597222222222 0.763671875 0.046875 0.09765625
0 0.4283854166666667 0.7369791666666666 0.04079861111111111 0.07552083333333333
0 0.4661458333333333 0.6907552083333334 0.043402777777777776 0.09505208333333333
0 0.5868055555555556 0.580078125 0.022569444444444444 0.05859375
0 0.4657118055555556 0.6158854166666666 0.044270833333333336 0.0703125
0 0.4605034722222222 0.57421875 0.042534722222222224 0.0703125
0 0.4019097222222222 0.48828125 0.03819444444444445 0.078125
0 0.4240451388888889 0.404296875 0.04600694444444445 0.07942708333333333
0 0.4422743055555556 0.337890625 0.04600694444444445 0.061197916666666664
0 0.3637152777777778 0.427734375 0.03298611111111111 0.07942708333333333
0 0.2478298611111111 0.3776041666666667 0.028645833333333332 0.06510416666666667
0 0.2703993055555556 0.3548177083333333 0.033854166666666664 0.06380208333333333
0 0.3033854166666667 0.3294270833333333 0.033854166666666664 0.049479166666666664
0 0.2990451388888889 0.501953125 0.04079861111111111 0.08203125
0 0.265625 0.4505208333333333 0.03298611111111111 0.057291666666666664
0 0.1644965277777778 0.3841145833333333 0.042534722222222224 0.0703125
0 0.17447916666666666 0.45703125 0.043402777777777776 0.06770833333333333
0 0.2361111111111111 0.6516927083333334 0.04513888888888889 0.07161458333333333
0 0.1970486111111111 0.677734375 0.046875 0.06901041666666667
0 0.14756944444444445 0.8170572916666666 0.050347222222222224 0.09244791666666667
