0 0.30343364197530864 0.044753086419753084 0.019290123456790122 0.030349794238683128
0 0.5291280864197531 0.10751028806584362 0.017746913580246913 0.03137860082304527
0 0.30516975308641975 0.20627572016460904 0.020833333333333332 0.037037037037037035
0 0.34664351851851855 0.23919753086419754 0.017746913580246913 0.026234567901234566
0 0.28433641975308643 0.19958847736625515 0.019290123456790122 0.02880658436213992
0 0.2993827160493827 0.27289094650205764 0.016589506172839507 0.0257201646090535
0 0.27488425925925924 0.2654320987654321 0.022376543209876542 0.022119341563786008
0 0.3975694444444444 0.27649176954732513 0.017361111111111112 0.030349794238683128
0 0.4191743827160494 0.283179012345679 0.01890432098765432 0.041666666666666664
0 0.5297067901234568 0.26877572016460904 0.021219135802469136 0.03189300411522634
0 0.14795524691358025 0.3410493827160494 0.019290123456790122 0.035493827160493825
0 0.24016203703703703 0.35802469135802467 0.023919753086419752 0.03446502057613169
0 0.25212191358024694 0.38065843621399176 0.021604938271604937 0.02417695473251029
0 0.2824074074074074 0.37088477366255146 0.016975308641975308 0.0360082304526749
0 0.33757716049382713 0.349022633744856 0.019675925925925927 0.023662551440329218
0 0.5262345679012346 0.33359053497942387 0.018132716049382717 0.0205761316872428
0 0.5223765432098766 0.30632716049382713 0.015817901234567902 0.027777777777777776
0 0.4068287037037037 0.367798353909465 0.016975308641975308 0.02417695473251029
0 0.3609182098765432 0.33024691358024694 0.016975308641975308 0.030349794238683128
0 0.20466820987654322 0.43621399176954734 0.018518518518518517 0.04063786008230453
0 0.14660493827160495 0.4660493827160494 0.016203703703703703 0.03292181069958848
0 0.21566358024691357 0.49434156378600824 0.024691358024691357 0.044238683127572016
0 0.35088734567901236 0.4256687242798354 0.02044753086419753 0.032407407407407406
0 0.3454861111111111 0.463477366255144 0.023148148148148147 0.03343621399176955
0 0.2662037037037037 0.45344650205761317 0.022762345679012346 0.026748971193415638
0 0.5152391975308642 0.4755658436213992 0.024305555555555556 0.028292181069958847
0 0.4747299382716049 0.5280349794238683 0.017361111111111112 0.028292181069958847
0 0.1257716049382716 0.5133744855967078 0.022376543209876542 0.04218106995884774
0 0.14602623456790123 0.5190329218106996 0.016975308641975308 0.029320987654320986
0 0.16068672839506173 0.5288065843621399 0.020061728395061727 0.029320987654320986
0 0.13368055555555555 0.5601851851851852 0.018518518518518517 0.03755144032921811
0 0.15027006172839505 0.5570987654320988 0.019290123456790122 0.028292181069958847
0 0.2212577160493827 0.5823045267489712 0.026234567901234566 0.028292181069958847
0 0.3285108024691358 0.5565843621399177 0.02700617283950617 0.03343621399176955
0 0.1743827160493827 0.621141975308642 0.018132716049382717 0.033950617283950615
0 0.203125 0.6972736625514403 0.018132716049382717 0.03755144032921811
0 0.06172839506172839 0.6864711934156379 0.016589506172839507 0.03497942386831276
0 0.013117283950617283 0.654320987654321 0.018518518518518517 0.03189300411522634
0 0.1381172839506173 0.6977880658436214 0.02353395061728395 0.02880658436213992
0 0.05536265432098766 0.7417695473251029 0.022376543209876542 0.029320987654320986
0 0.07908950617283951 0.7530864197530864 0.021604938271604937 0.040123456790123455
0 0.46392746913580246 0.7379115226337448 0.02044753086419753 0.032407407407407406
0 0.3643904320987654 0.6684670781893004 0.02970679012345679 0.032407407407407406
0 0.19753086419753085 0.8217592592592593 0.019675925925925927 0.0411522633744856
0 0.21585648148148148 0.8719135802469136 0.019290123456790122 0.03446502057613169
0 0.2339891975308642 0.8966049382716049 0.027777777777777776 0.03652263374485597
0 0.6369598765432098 0.9058641975308642 0.024691358024691357 0.04526748971193416
