0 0.35378086419753085 0.016975308641975308 0.020061728395061727 0.026748971193415638
0 0.2752700617283951 0.03780864197530864 0.017361111111111112 0.03446502057613169
0 0.26774691358024694 0.1957304526748971 0.019675925925925927 0.026748971193415638
0 0.28858024691358025 0.20498971193415638 0.02044753086419753 0.03806584362139918
0 0.3126929012345679 0.05941358024691358 0.016589506172839507 0.02726337448559671
0 0.35628858024691357 0.21373456790123457 0.015046296296296295 0.016975308641975308
0 0.32600308641975306 0.2029320987654321 0.01427469135802469 0.018518518518518517
0 0.3400848765432099 0.2353395061728395 0.02044753086419753 0.02726337448559671
0 0.40007716049382713 0.22916666666666666 0.013503086419753086 0.03292181069958848
0 0.38040123456790126 0.24099794238683128 0.015046296296296295 0.021604938271604937
0 0.2604166666666667 0.26286008230452673 0.024691358024691357 0.02263374485596708
0 0.28607253086419754 0.26363168724279834 0.016589506172839507 0.028292181069958847
0 0.23726851851851852 0.3479938271604938 0.01890432098765432 0.03497942386831276
0 0.24710648148148148 0.37319958847736623 0.02199074074074074 0.029320987654320986
0 0.2690972222222222 0.3647119341563786 0.016975308641975308 0.030349794238683128
0 0.3331404320987654 0.34593621399176955 0.02199074074074074 0.026234567901234566
0 0.35378086419753085 0.32690329218106995 0.018132716049382717 0.030864197530864196
0 0.1878858024691358 0.43287037037037035 0.01890432098765432 0.0360082304526749
0 0.14756944444444445 0.4506172839506173 0.015432098765432098 0.028292181069958847
0 0.1253858024691358 0.5002572016460906 0.018132716049382717 0.033950617283950615
0 0.2017746913580247 0.4897119341563786 0.020833333333333332 0.037037037037037035
0 0.3368055555555556 0.455761316872428 0.023148148148148147 0.0360082304526749
0 0.3447145061728395 0.42386831275720166 0.018518518518518517 0.02417695473251029
0 0.1257716049382716 0.34079218106995884 0.018132716049382717 0.03497942386831276
0 0.13271604938271606 0.5450102880658436 0.015817901234567902 0.030864197530864196
0 0.14467592592592593 0.5097736625514403 0.016975308641975308 0.024691358024691357
0 0.16049382716049382 0.5167181069958847 0.016589506172839507 0.0257201646090535
0 0.1527777777777778 0.5393518518518519 0.016589506172839507 0.030864197530864196
0 0.20968364197530864 0.5738168724279835 0.022762345679012346 0.02417695473251029
0 0.3948688271604938 0.27109053497942387 0.019290123456790122 0.03343621399176955
0 0.41242283950617287 0.283179012345679 0.017361111111111112 0.03292181069958848
0 0.5295138888888888 0.2674897119341564 0.021604938271604937 0.03446502057613169
0 0.5243055555555556 0.3088991769547325 0.017361111111111112 0.029835390946502057
0 0.5262345679012346 0.33564814814814814 0.02044753086419753 0.02263374485596708
0 0.5192901234567902 0.47016460905349794 0.016975308641975308 0.023662551440329218
0 0.26080246913580246 0.44058641975308643 0.015817901234567902 0.03189300411522634
0 0.3256172839506173 0.5470679012345679 0.021219135802469136 0.0360082304526749
0 0.16743827160493827 0.6157407407407407 0.017746913580246913 0.02880658436213992
0 0.13233024691358025 0.6831275720164609 0.027777777777777776 0.03189300411522634
0 0.19405864197530864 0.6934156378600823 0.018518518518518517 0.03189300411522634
0 0.1886574074074074 0.8117283950617284 0.023148148148148147 0.03806584362139918
0 0.2044753086419753 0.8564814814814815 0.019290123456790122 0.037037037037037035
0 0.22183641975308643 0.8595679012345679 0.019290123456790122 0.03189300411522634
0 0.07291666666666667 0.7438271604938271 0.021604938271604937 0.0360082304526749
0 0.058256172839506175 0.6790123456790124 0.018518518518518517 0.0360082304526749
0 0.22800925925925927 0.8065843621399177 0.026234567901234566 0.029835390946502057
0 0.38387345679012347 0.8153292181069959 0.03009259259259259 0.023662551440329218
0 0.3620756172839506 0.6484053497942387 0.019675925925925927 0.03960905349794239
