0 0.0615234375 0.7549317147192717 0.0537109375 0.09104704097116843
0 0.2109375 0.6198786039453718 0.0556640625 0.08801213960546282
0 0.09423828125 0.791350531107739 0.0419921875 0.06525037936267071
0 0.11474609375 0.7549317147192717 0.0458984375 0.07435508345978756
0 0.2060546875 0.9491654021244309 0.0400390625 0.0819423368740516
0 0.21240234375 0.8216995447647951 0.0576171875 0.06828528072837632
0 0.26318359375 0.8611532625189682 0.0458984375 0.06828528072837632
0 0.2646484375 0.7943854324734446 0.0595703125 0.0819423368740516
0 0.3818359375 0.7518968133535661 0.0712890625 0.09711684370257967
0 0.34814453125 0.8156297420333839 0.0576171875 0.10166919575113809
0 0.3193359375 0.8808801213960546 0.0478515625 0.09711684370257967
0 0.3642578125 0.9157814871016692 0.0439453125 0.09408194233687406
0 0.89892578125 0.8019726858877086 0.0517578125 0.11380880121396054
0 0.93017578125 0.6965098634294385 0.0546875 0.08649468892261002
0 0.84375 0.6927162367223065 0.0537109375 0.0819423368740516
0 0.2763671875 0.424886191198786 0.037109375 0.07283763277693475
0 0.2421875 0.37405159332321697 0.0458984375 0.07890743550834597
0 0.18701171875 0.4226100151745068 0.0283203125 0.05311077389984825
0 0.17041015625 0.40364188163884673 0.033203125 0.0622154779969651
0 0.05908203125 0.18968133535660092 0.044921875 0.0834597875569044
0 0.36767578125 0.0622154779969651 0.0390625 0.07738998482549317
0 0.4033203125 0.06828528072837632 0.052734375 0.07587253414264036
0 0.39453125 0.13125948406676782 0.0439453125 0.06676783004552352
0 0.46533203125 0.15933232169954475 0.0625 0.08649468892261002
0 0.34912109375 0.3915022761760243 0.0546875 0.08649468892261002
0 0.333984375 0.3520485584218513 0.041015625 0.0819423368740516
0 0.4052734375 0.6828528072837633 0.056640625 0.0819423368740516
0 0.48388671875 0.563732928679818 0.0439453125 0.08042488619119878
0 0.52099609375 0.4628224582701062 0.05078125 0.0834597875569044
0 0.5283203125 0.5591805766312595 0.0556640625 0.0819423368740516
0 0.5654296875 0.4802731411229135 0.0439453125 0.07587253414264036
0 0.56591796875 0.40819423368740515 0.056640625 0.08649468892261002
0 0.5185546875 0.40440060698027314 0.0439453125 0.06069802731411229
0 0.4873046875 0.4339908952959029 0.04296875 0.08497723823975721
0 0.763671875 0.34294385432473445 0.033203125 0.06676783004552352
0 0.8125 0.3877086494688923 0.0439453125 0.07587253414264036
0 0.84033203125 0.3550834597875569 0.05078125 0.06525037936267071
0 0.7919921875 0.3611532625189681 0.048828125 0.06069802731411229
0 0.89501953125 0.40364188163884673 0.04296875 0.0834597875569044
0 0.8349609375 0.32397572078907433 0.0458984375 0.051593323216995446
0 0.86181640625 0.4787556904400607 0.0361328125 0.06828528072837632
