0 0.09505208333333333 0.7167315175097276 0.04479166666666667 0.08482490272373541
0 0.14036458333333332 0.6949416342412451 0.04479166666666667 0.07704280155642024
0 0.08515625 0.6093385214007782 0.03854166666666667 0.05525291828793774
0 0.12395833333333334 0.5704280155642023 0.04791666666666667 0.08093385214007782
0 0.14427083333333332 0.32957198443579766 0.0359375 0.06536964980544747
0 0.14947916666666666 0.2206225680933852 0.030729166666666665 0.049805447470817124
0 0.16848958333333333 0.20505836575875486 0.030729166666666665 0.047470817120622566
0 0.10572916666666667 0.0357976653696498 0.03958333333333333 0.06536964980544747
0 0.7677083333333333 0.3898832684824903 0.04791666666666667 0.09182879377431907
0 0.14296875 0.9443579766536965 0.021354166666666667 0.045914396887159536
0 0.11848958333333333 0.9291828793774319 0.035416666666666666 0.047470817120622566
0 0.14895833333333333 0.9229571984435798 0.03958333333333333 0.04357976653696498
0 0.7799479166666666 0.6754863813229572 0.053125 0.09260700389105059
0 0.7440104166666667 0.7295719844357976 0.0671875 0.09883268482490272
0 0.7122395833333334 0.6389105058365758 0.04895833333333333 0.09105058365758754
0 0.7067708333333333 0.4455252918287938 0.0578125 0.08249027237354085
0 0.6895833333333333 0.5595330739299611 0.03854166666666667 0.051361867704280154
0 0.6458333333333334 0.533852140077821 0.03333333333333333 0.07937743190661478
0 0.6127604166666667 0.5346303501945525 0.03958333333333333 0.0754863813229572
0 0.6 0.47821011673151753 0.04114583333333333 0.07315175097276265
0 0.46145833333333336 0.26536964980544747 0.020833333333333332 0.045136186770428015
0 0.4791666666666667 0.26848249027237353 0.025 0.05291828793774319
0 0.48854166666666665 0.34824902723735407 0.0296875 0.045136186770428015
