0 0.18460648148148148 0.46656378600823045 0.02700617283950617 0.03960905349794239
0 0.31983024691358025 0.5753600823045267 0.022762345679012346 0.0411522633744856
0 0.19618055555555555 0.9050925925925926 0.025848765432098766 0.03652263374485597
0 0.17997685185185186 0.8580246913580247 0.023919753086419752 0.03446502057613169
0 0.040123456790123455 0.7127057613168725 0.025848765432098766 0.037037037037037035
0 0.1896219135802469 0.7286522633744856 0.01890432098765432 0.032407407407407406
0 0.14660493827160495 0.6715534979423868 0.01890432098765432 0.027777777777777776
0 0.11805555555555555 0.5925925925925926 0.013888888888888888 0.029835390946502057
0 0.13175154320987653 0.5835905349794238 0.017361111111111112 0.025205761316872428
0 0.1076388888888889 0.5450102880658436 0.017361111111111112 0.033950617283950615
0 0.12943672839506173 0.5501543209876543 0.011959876543209876 0.023148148148148147
0 0.14467592592592593 0.5560699588477366 0.016975308641975308 0.02263374485596708
0 0.1275077160493827 0.4976851851851852 0.01890432098765432 0.02726337448559671
0 0.13078703703703703 0.37319958847736623 0.017361111111111112 0.03189300411522634
0 0.22183641975308643 0.38323045267489714 0.022376543209876542 0.03189300411522634
0 0.3308256172839506 0.4920267489711934 0.024305555555555556 0.03446502057613169
0 0.40046296296296297 0.39814814814814814 0.016975308641975308 0.03189300411522634
0 0.4037422839506173 0.3227880658436214 0.017361111111111112 0.02726337448559671
0 0.33603395061728397 0.25977366255144035 0.015432098765432098 0.029835390946502057
0 0.31886574074074076 0.22530864197530864 0.015432098765432098 0.025205761316872428
0 0.2881944444444444 0.2883230452674897 0.013503086419753086 0.029835390946502057
0 0.33429783950617287 0.24742798353909465 0.013888888888888888 0.01594650205761317
0 0.17804783950617284 0.24819958847736626 0.01890432098765432 0.025205761316872428
0 0.17843364197530864 0.2147633744855967 0.02044753086419753 0.03446502057613169
0 0.22550154320987653 0.08101851851851852 0.01890432098765432 0.032407407407407406
0 0.20119598765432098 0.5172325102880658 0.017361111111111112 0.03652263374485597
0 0.21006944444444445 0.6075102880658436 0.018518518518518517 0.02726337448559671
0 0.2364969135802469 0.4027777777777778 0.018518518518518517 0.029835390946502057
0 0.26157407407407407 0.3966049382716049 0.020061728395061727 0.029835390946502057
0 0.16068672839506173 0.6556069958847737 0.017361111111111112 0.026234567901234566
0 0.16531635802469136 0.5933641975308642 0.017361111111111112 0.028292181069958847
0 0.17689043209876543 0.5799897119341564 0.015817901234567902 0.023148148148148147
0 0.4525462962962963 0.7602880658436214 0.014660493827160493 0.024691358024691357
0 0.4347993827160494 0.79809670781893 0.021219135802469136 0.026748971193415638
