0 0.168359375 0.050996483001172335 0.06796875 0.10668229777256741
0 0.219921875 0.06623681125439625 0.08046875 0.11840562719812427
0 0.3265625 0.11664712778429073 0.06796875 0.13599062133645956
0 0.370703125 0.06330597889800703 0.08125 0.09026963657678781
0 0.39375 0.19226260257913247 0.0734375 0.11254396248534584
0 0.426953125 0.30246189917936694 0.078125 0.11840562719812427
0 0.37109375 0.4859320046893318 0.06953125 0.10316529894490035
0 0.428125 0.4138335287221571 0.0765625 0.1242672919109027
0 0.533984375 0.48300117233294254 0.0734375 0.12075029308323564
0 0.477734375 0.5322391559202814 0.065625 0.14654161781946073
0 0.33125 0.6113716295427901 0.07265625 0.13599062133645956
0 0.401953125 0.5873388042203986 0.0734375 0.1488862837045721
0 0.203515625 0.6664712778429074 0.06484375 0.1324736225087925
0 0.08984375 0.6676436107854631 0.06171875 0.11488862837045721
0 0.131640625 0.8991793669402111 0.06875 0.11137162954279015
0 0.180078125 0.8610785463071512 0.06015625 0.09261430246189918
0 0.4015625 0.7807737397420867 0.0765625 0.1242672919109027
0 0.505078125 0.6670574443141852 0.0703125 0.10668229777256741
0 0.585546875 0.6184056271981243 0.05078125 0.09730363423212192
0 0.521875 0.7702227432590856 0.065625 0.1242672919109027
0 0.447265625 0.6828839390386869 0.06796875 0.1160609613130129
0 0.32421875 0.4771395076201641 0.06875 0.11488862837045721
0 0.1578125 0.45955451348182885 0.0578125 0.11254396248534584
0 0.183203125 0.4126611957796014 0.0703125 0.08323563892145369
