0 0.703939393939394 0.8448979591836735 0.02303030303030303 0.03979591836734694
0 0.6866666666666666 0.835204081632653 0.016363636363636365 0.04081632653061224
0 0.49393939393939396 0.7311224489795919 0.018787878787878787 0.03469387755102041
0 0.4815151515151515 0.6377551020408163 0.019393939393939394 0.0336734693877551
0 0.5024242424242424 0.6290816326530613 0.022424242424242423 0.03877551020408163
0 0.49272727272727274 0.6479591836734694 0.014545454545454545 0.026530612244897958
0 0.24848484848484848 0.5913265306122449 0.022424242424242423 0.04285714285714286
0 0.15363636363636363 0.6581632653061225 0.020606060606060607 0.03979591836734694
0 0.3206060606060606 0.7061224489795919 0.019393939393939394 0.03877551020408163
0 0.1618181818181818 0.6586734693877551 0.02484848484848485 0.030612244897959183
0 0.3106060606060606 0.7836734693877551 0.01575757575757576 0.03163265306122449
0 0.2960606060606061 0.7948979591836735 0.01696969696969697 0.03775510204081633
0 0.24848484848484848 0.7719387755102041 0.015151515151515152 0.024489795918367346
0 0.2396969696969697 0.7948979591836735 0.019393939393939394 0.0336734693877551
0 0.2584848484848485 0.7846938775510204 0.014545454545454545 0.025510204081632654
0 0.2966666666666667 0.4816326530612245 0.02303030303030303 0.04591836734693878
0 0.32515151515151514 0.411734693877551 0.021212121212121213 0.058163265306122446
0 0.2293939393939394 0.3168367346938776 0.02 0.04387755102040816
0 0.057272727272727274 0.42397959183673467 0.022424242424242423 0.04387755102040816
0 0.14484848484848484 0.31887755102040816 0.02727272727272727 0.053061224489795916
0 0.15333333333333332 0.2826530612244898 0.02303030303030303 0.04081632653061224
0 0.1715151515151515 0.15816326530612246 0.024242424242424242 0.05510204081632653
0 0.18818181818181817 0.21836734693877552 0.02181818181818182 0.03979591836734694
0 0.27515151515151515 0.14234693877551022 0.021212121212121213 0.04081632653061224
0 0.29787878787878785 0.1336734693877551 0.01575757575757576 0.04795918367346939
0 0.1903030303030303 0.053061224489795916 0.024242424242424242 0.04693877551020408
0 0.38484848484848483 0.23010204081632654 0.03333333333333333 0.03877551020408163
0 0.31393939393939396 0.3653061224489796 0.025454545454545455 0.053061224489795916
0 0.45181818181818184 0.09591836734693877 0.02181818181818182 0.04387755102040816
0 0.5012121212121212 0.10306122448979592 0.01696969696969697 0.04081632653061224
0 0.5869696969696969 0.37142857142857144 0.019393939393939394 0.03571428571428571
0 0.62 0.20153061224489796 0.018787878787878787 0.036734693877551024
0 0.6421212121212121 0.16377551020408163 0.017575757575757574 0.04591836734693878
0 0.43606060606060604 0.2811224489795918 0.013939393939393939 0.03163265306122449
0 0.7606060606060606 0.04285714285714286 0.01575757575757576 0.0326530612244898
0 0.7718181818181818 0.03520408163265306 0.017575757575757574 0.027551020408163266
