0 0.25925925925925924 0.08539094650205761 0.022376543209876542 0.029835390946502057
0 0.34375 0.062242798353909466 0.021604938271604937 0.026748971193415638
0 0.25771604938271603 0.2366255144032922 0.02700617283950617 0.033950617283950615
0 0.2816358024691358 0.24279835390946503 0.019290123456790122 0.027777777777777776
0 0.2527006172839506 0.29886831275720166 0.024691358024691357 0.024691358024691357
0 0.28125 0.3096707818930041 0.017746913580246913 0.024691358024691357
0 0.33101851851851855 0.23919753086419754 0.018518518518518517 0.027777777777777776
0 0.3460648148148148 0.27829218106995884 0.018518518518518517 0.024691358024691357
0 0.34760802469135804 0.29989711934156377 0.020061728395061727 0.01646090534979424
0 0.36728395061728397 0.2638888888888889 0.015432098765432098 0.03189300411522634
0 0.37191358024691357 0.2875514403292181 0.018518518518518517 0.029835390946502057
0 0.48572530864197533 0.20833333333333334 0.020061728395061727 0.02880658436213992
0 0.49421296296296297 0.2957818930041152 0.018518518518518517 0.030864197530864196
0 0.40316358024691357 0.3132716049382716 0.020061728395061727 0.03909465020576132
0 0.4984567901234568 0.15123456790123457 0.016203703703703703 0.0257201646090535
0 0.42939814814814814 0.1419753086419753 0.016203703703703703 0.026748971193415638
0 0.2361111111111111 0.39094650205761317 0.02546296296296296 0.023662551440329218
0 0.16358024691358025 0.46810699588477367 0.022376543209876542 0.029835390946502057
0 0.21296296296296297 0.4593621399176955 0.020061728395061727 0.03189300411522634
0 0.2010030864197531 0.43569958847736623 0.023148148148148147 0.02880658436213992
0 0.1597222222222222 0.34670781893004116 0.016203703703703703 0.01954732510288066
0 0.34683641975308643 0.4583333333333333 0.023148148148148147 0.02880658436213992
0 0.13773148148148148 0.5162037037037037 0.025848765432098766 0.037037037037037035
0 0.1587577160493827 0.5154320987654321 0.017746913580246913 0.03137860082304527
0 0.17476851851851852 0.5244341563786008 0.019675925925925927 0.029835390946502057
0 0.16878858024691357 0.5540123456790124 0.017746913580246913 0.028292181069958847
0 0.15142746913580246 0.5573559670781894 0.017361111111111112 0.03137860082304527
0 0.21412037037037038 0.5146604938271605 0.02199074074074074 0.03497942386831276
0 0.22106481481481483 0.5977366255144033 0.023919753086419752 0.02880658436213992
0 0.2511574074074074 0.43878600823045266 0.017746913580246913 0.029835390946502057
0 0.3238811728395062 0.5784465020576132 0.024305555555555556 0.028292181069958847
0 0.34857253086419754 0.6077674897119342 0.02044753086419753 0.02726337448559671
0 0.1853780864197531 0.6275720164609053 0.018518518518518517 0.03343621399176955
0 0.15258487654320987 0.6934156378600823 0.027777777777777776 0.02726337448559671
0 0.20871913580246915 0.7181069958847737 0.016975308641975308 0.024691358024691357
0 0.17631172839506173 0.7818930041152263 0.021604938271604937 0.030864197530864196
0 0.20601851851851852 0.8209876543209876 0.023148148148148147 0.040123456790123455
0 0.22415123456790123 0.8688271604938271 0.022376543209876542 0.03292181069958848
0 0.24614197530864199 0.88940329218107 0.017746913580246913 0.03189300411522634
0 0.1558641975308642 0.9002057613168725 0.020061728395061727 0.0360082304526749
0 0.22299382716049382 0.9490740740740741 0.02854938271604938 0.0360082304526749
0 0.25308641975308643 0.9495884773662552 0.027777777777777776 0.033950617283950615
0 0.33024691358024694 0.9830246913580247 0.02546296296296296 0.033950617283950615
