0 0.014467592592592593 0.8683127572016461 0.016203703703703703 0.038580246913580245
0 0.02854938271604938 0.8842592592592593 0.02700617283950617 0.033950617283950615
0 0.016589506172839507 0.8986625514403292 0.026234567901234566 0.037037037037037035
0 0.03607253086419753 0.8472222222222222 0.02546296296296296 0.035493827160493825
0 0.013695987654320988 0.8287037037037037 0.021604938271604937 0.03343621399176955
0 0.048996913580246916 0.8631687242798354 0.02546296296296296 0.030864197530864196
0 0.040123456790123455 0.9809670781893004 0.023148148148148147 0.03189300411522634
0 0.07021604938271606 0.9575617283950617 0.02199074074074074 0.03292181069958848
0 0.09143518518518519 0.9575617283950617 0.02353395061728395 0.033950617283950615
0 0.11535493827160494 0.9117798353909465 0.024305555555555556 0.03292181069958848
0 0.14583333333333334 0.9107510288065843 0.02662037037037037 0.0411522633744856
0 0.1570216049382716 0.9580761316872428 0.02353395061728395 0.03497942386831276
0 0.11130401234567901 0.7718621399176955 0.025848765432098766 0.035493827160493825
0 0.1232638888888889 0.808641975308642 0.02854938271604938 0.03755144032921811
0 0.13657407407407407 0.7867798353909465 0.025848765432098766 0.03189300411522634
0 0.1545138888888889 0.7597736625514403 0.031635802469135804 0.03343621399176955
0 0.1583719135802469 0.8101851851851852 0.023919753086419752 0.035493827160493825
0 0.17689043209876543 0.7957818930041153 0.02546296296296296 0.03137860082304527
0 0.17881944444444445 0.8366769547325102 0.027391975308641976 0.03343621399176955
0 0.25771604938271603 0.7528292181069959 0.02353395061728395 0.03497942386831276
0 0.26967592592592593 0.7417695473251029 0.026234567901234566 0.033950617283950615
0 0.24807098765432098 0.8029835390946503 0.016203703703703703 0.024691358024691357
0 0.2532793209876543 0.82690329218107 0.015817901234567902 0.026234567901234566
0 0.2908950617283951 0.8881172839506173 0.03125 0.047325102880658436
0 0.3306327160493827 0.8600823045267489 0.026234567901234566 0.03806584362139918
0 0.3653549382716049 0.8778292181069959 0.025848765432098766 0.03497942386831276
0 0.3557098765432099 0.8652263374485597 0.016975308641975308 0.024691358024691357
0 0.35358796296296297 0.9300411522633745 0.021604938271604937 0.03652263374485597
0 0.5127314814814815 0.8243312757201646 0.03279320987654321 0.046296296296296294
0 0.4947916666666667 0.8731995884773662 0.03356481481481482 0.045781893004115226
0 0.47897376543209874 0.8536522633744856 0.028935185185185185 0.04989711934156379
0 0.5227623456790124 0.8551954732510288 0.03202160493827161 0.044238683127572016
0 0.4965277777777778 0.897119341563786 0.033950617283950615 0.03806584362139918
0 0.5179398148148148 0.92309670781893 0.03279320987654321 0.05092592592592592
0 0.5252700617283951 0.8886316872427984 0.02353395061728395 0.032407407407407406
0 0.5343364197530864 0.9097222222222222 0.03433641975308642 0.026748971193415638
0 0.5536265432098766 0.9472736625514403 0.02507716049382716 0.043209876543209874
0 0.25578703703703703 0.7119341563786008 0.022376543209876542 0.0411522633744856
0 0.41647376543209874 0.7613168724279835 0.033950617283950615 0.047839506172839504
0 0.42804783950617287 0.7337962962962963 0.03279320987654321 0.038580246913580245
0 0.4567901234567901 0.7556584362139918 0.033179012345679014 0.04526748971193416
0 0.4581404320987654 0.720679012345679 0.029320987654320986 0.03343621399176955
0 0.5096450617283951 0.6738683127572016 0.034722222222222224 0.0411522633744856
0 0.5534336419753086 0.6592078189300411 0.03433641975308642 0.04372427983539095
0 0.5754243827160493 0.6499485596707819 0.03510802469135803 0.03137860082304527
0 0.5441743827160493 0.6838991769547325 0.03125 0.047839506172839504
0 0.4859182098765432 0.6656378600823045 0.033179012345679014 0.04063786008230453
0 0.46739969135802467 0.6365740740740741 0.03510802469135803 0.04372427983539095
0 0.4496527777777778 0.6041666666666666 0.03125 0.04989711934156379
0 0.38503086419753085 0.7088477366255144 0.031635802469135804 0.044238683127572016
0 0.3560956790123457 0.7052469135802469 0.033179012345679014 0.043209876543209874
0 0.3236882716049383 0.6563786008230452 0.03009259259259259 0.04526748971193416
0 0.3331404320987654 0.6213991769547325 0.03009259259259259 0.038580246913580245
0 0.3470293209876543 0.6435185185185185 0.026234567901234566 0.035493827160493825
0 0.38425925925925924 0.6304012345679012 0.03202160493827161 0.044238683127572016
0 0.2353395061728395 0.6491769547325102 0.027777777777777776 0.03189300411522634
0 0.3775077160493827 0.5871913580246914 0.03433641975308642 0.044753086419753084
0 0.4037422839506173 0.5787037037037037 0.030864197530864196 0.03960905349794239
0 0.18209876543209877 0.6512345679012346 0.02546296296296296 0.03806584362139918
0 0.20023148148148148 0.6820987654320988 0.020833333333333332 0.03292181069958848
0 0.2173996913580247 0.6779835390946503 0.023148148148148147 0.03343621399176955
0 0.04610339506172839 0.6676954732510288 0.021604938271604937 0.02726337448559671
0 0.05304783950617284 0.5789609053497943 0.024305555555555556 0.030349794238683128
0 0.08121141975308642 0.5959362139917695 0.019675925925925927 0.02726337448559671
0 0.1232638888888889 0.5979938271604939 0.022762345679012346 0.03137860082304527
0 0.10223765432098765 0.6345164609053497 0.02199074074074074 0.02880658436213992
0 0.09143518518518519 0.4488168724279835 0.02353395061728395 0.027777777777777776
0 0.16570216049382716 0.4678497942386831 0.02353395061728395 0.02417695473251029
0 0.22723765432098766 0.463477366255144 0.036265432098765434 0.03909465020576132
0 0.3595679012345679 0.5668724279835391 0.027777777777777776 0.0360082304526749
0 0.38252314814814814 0.5185185185185185 0.04089506172839506 0.047839506172839504
0 0.4888117283950617 0.5460390946502057 0.03279320987654321 0.047325102880658436
0 0.4799382716049383 0.5169753086419753 0.036265432098765434 0.040123456790123455
0 0.3958333333333333 0.43852880658436216 0.03125 0.04526748971193416
0 0.4330632716049383 0.42926954732510286 0.02662037037037037 0.042695473251028807
0 0.38580246913580246 0.3786008230452675 0.024691358024691357 0.04218106995884774
0 0.3611111111111111 0.4063786008230453 0.020061728395061727 0.030864197530864196
0 0.32523148148148145 0.4210390946502058 0.03279320987654321 0.047325102880658436
0 0.2640817901234568 0.37911522633744854 0.038580246913580245 0.04063786008230453
0 0.3013117283950617 0.37191358024691357 0.031635802469135804 0.0411522633744856
0 0.27912808641975306 0.34439300411522633 0.030478395061728395 0.03755144032921811
0 0.12905092592592593 0.3523662551440329 0.026234567901234566 0.03343621399176955
0 0.20968364197530864 0.3436213991769547 0.022376543209876542 0.02726337448559671
0 0.3142361111111111 0.3281893004115226 0.02700617283950617 0.038580246913580245
0 0.2945601851851852 0.3263888888888889 0.02816358024691358 0.03137860082304527
0 0.34915123456790126 0.3168724279835391 0.022376543209876542 0.024691358024691357
0 0.2845293209876543 0.24742798353909465 0.023919753086419752 0.03137860082304527
0 0.30690586419753085 0.24742798353909465 0.023148148148148147 0.030349794238683128
0 0.33468364197530864 0.21244855967078188 0.020833333333333332 0.03137860082304527
0 0.47453703703703703 0.31635802469135804 0.023919753086419752 0.029835390946502057
0 0.40316358024691357 0.22402263374485595 0.021219135802469136 0.030864197530864196
0 0.44521604938271603 0.2417695473251029 0.024691358024691357 0.029835390946502057
0 0.4731867283950617 0.24459876543209877 0.02507716049382716 0.03446502057613169
0 0.5046296296296297 0.24279835390946503 0.021604938271604937 0.03909465020576132
0 0.5484182098765432 0.30092592592592593 0.026234567901234566 0.035493827160493825
0 0.5578703703703703 0.3479938271604938 0.02816358024691358 0.03292181069958848
0 0.1550925925925926 0.11059670781893004 0.02546296296296296 0.03292181069958848
0 0.20601851851851852 0.12602880658436214 0.020833333333333332 0.02880658436213992
0 0.23148148148148148 0.1440329218106996 0.021604938271604937 0.03292181069958848
0 0.24074074074074073 0.06944444444444445 0.019290123456790122 0.02880658436213992
0 0.2550154320987654 0.09053497942386832 0.020061728395061727 0.027777777777777776
0 0.15817901234567902 0.1455761316872428 0.017746913580246913 0.02263374485596708
0 0.1558641975308642 0.18569958847736626 0.017746913580246913 0.02263374485596708
0 0.2932098765432099 0.07150205761316872 0.022376543209876542 0.03497942386831276
0 0.2959104938271605 0.10648148148148148 0.020833333333333332 0.0360082304526749
0 0.24459876543209877 0.0102880658436214 0.015432098765432098 0.02263374485596708
0 0.1400462962962963 0.03189300411522634 0.015432098765432098 0.023662551440329218
0 0.11959876543209877 0.021604938271604937 0.016975308641975308 0.024691358024691357
0 0.3445216049382716 0.05915637860082305 0.013117283950617283 0.01954732510288066
0 0.3263888888888889 0.14454732510288065 0.020833333333333332 0.02880658436213992
0 0.36844135802469136 0.14917695473251028 0.021604938271604937 0.033950617283950615
0 0.30787037037037035 0.16820987654320987 0.017746913580246913 0.026748971193415638
0 0.4729938271604938 0.08281893004115226 0.019290123456790122 0.02880658436213992
0 0.44637345679012347 0.1183127572016461 0.021604938271604937 0.029835390946502057
0 0.41550925925925924 0.18055555555555555 0.023919753086419752 0.03806584362139918
0 0.4270833333333333 0.21193415637860083 0.027777777777777776 0.03189300411522634
0 0.5044367283950617 0.10828189300411523 0.02199074074074074 0.030349794238683128
0 0.4837962962962963 0.12448559670781893 0.023148148148148147 0.04218106995884774
0 0.5443672839506173 0.12242798353909465 0.018518518518518517 0.030864197530864196
0 0.5198688271604939 0.12397119341563786 0.022376543209876542 0.029320987654320986
0 0.5675154320987654 0.1044238683127572 0.023148148148148147 0.030864197530864196
0 0.5862268518518519 0.10648148148148148 0.020061728395061727 0.03137860082304527
0 0.5152391975308642 0.17155349794238683 0.02044753086419753 0.023148148148148147
0 0.5131172839506173 0.15432098765432098 0.020061728395061727 0.01748971193415638
0 0.5347222222222222 0.1527777777777778 0.019290123456790122 0.01954732510288066
0 0.5576774691358025 0.1550925925925926 0.017361111111111112 0.020061728395061727
0 0.6637731481481481 0.6990740740740741 0.022376543209876542 0.028292181069958847
0 0.7723765432098766 0.7199074074074074 0.021219135802469136 0.03497942386831276
0 0.7536651234567902 0.7034465020576132 0.016589506172839507 0.02417695473251029
0 0.7484567901234568 0.691358024691358 0.018518518518518517 0.027777777777777776
0 0.7453703703703703 0.6697530864197531 0.023148148148148147 0.027777777777777776
0 0.7638888888888888 0.6700102880658436 0.016589506172839507 0.02263374485596708
0 0.7386188271604939 0.6440329218106996 0.020061728395061727 0.023148148148148147
0 0.7091049382716049 0.6324588477366255 0.018132716049382717 0.02880658436213992
0 0.7264660493827161 0.6309156378600823 0.013503086419753086 0.026748971193415638
0 0.7428626543209876 0.621141975308642 0.02199074074074074 0.03446502057613169
0 0.7189429012345679 0.6090534979423868 0.020061728395061727 0.02726337448559671
0 0.6919367283950617 0.6010802469135802 0.02353395061728395 0.035493827160493825
0 0.7444058641975309 0.5907921810699589 0.022762345679012346 0.03137860082304527
0 0.7307098765432098 0.5987654320987654 0.023148148148148147 0.027777777777777776
0 0.7023533950617284 0.5645576131687243 0.02199074074074074 0.038580246913580245
0 0.751929012345679 0.5460390946502057 0.027391975308641976 0.03189300411522634
0 0.7318672839506173 0.536522633744856 0.022376543209876542 0.0360082304526749
0 0.7156635802469136 0.5344650205761317 0.019290123456790122 0.03189300411522634
0 0.6957947530864198 0.5069444444444444 0.025848765432098766 0.035493827160493825
0 0.6795910493827161 0.532664609053498 0.02353395061728395 0.03652263374485597
0 0.6521990740740741 0.4696502057613169 0.026234567901234566 0.03652263374485597
0 0.6317515432098766 0.4699074074074074 0.02199074074074074 0.035493827160493825
0 0.6541280864197531 0.44058641975308643 0.027391975308641976 0.032407407407407406
0 0.810570987654321 0.3492798353909465 0.024691358024691357 0.02880658436213992
0 0.7820216049382716 0.3557098765432099 0.021219135802469136 0.026748971193415638
0 0.7880015432098766 0.3279320987654321 0.01890432098765432 0.028292181069958847
0 0.7040895061728395 0.41460905349794236 0.022376543209876542 0.03189300411522634
0 0.7293595679012346 0.39609053497942387 0.015432098765432098 0.026234567901234566
0 0.7129629629629629 0.37885802469135804 0.025848765432098766 0.023662551440329218
0 0.6965663580246914 0.3629115226337449 0.02044753086419753 0.028292181069958847
0 0.6587577160493827 0.33899176954732513 0.022376543209876542 0.030349794238683128
0 0.6898148148148148 0.3279320987654321 0.021219135802469136 0.033950617283950615
0 0.7075617283950617 0.33539094650205764 0.021604938271604937 0.027777777777777776
0 0.6728395061728395 0.31790123456790126 0.020061728395061727 0.023662551440329218
0 0.6566358024691358 0.30632716049382713 0.02507716049382716 0.03292181069958848
0 0.636766975308642 0.29552469135802467 0.021219135802469136 0.028292181069958847
0 0.6554783950617284 0.27211934156378603 0.018518518518518517 0.030864197530864196
0 0.6828703703703703 0.2803497942386831 0.018518518518518517 0.026748971193415638
0 0.6078317901234568 0.2875514403292181 0.021604938271604937 0.035493827160493825
0 0.5677083333333334 0.30426954732510286 0.021219135802469136 0.026234567901234566
0 0.5871913580246914 0.2932098765432099 0.016975308641975308 0.026748971193415638
0 0.5754243827160493 0.2829218106995885 0.022376543209876542 0.02726337448559671
0 0.5709876543209876 0.24768518518518517 0.02044753086419753 0.027777777777777776
0 0.621141975308642 0.24974279835390947 0.018132716049382717 0.029835390946502057
0 0.6379243827160493 0.2523148148148148 0.018132716049382717 0.025205761316872428
0 0.6747685185185185 0.24459876543209877 0.022762345679012346 0.0257201646090535
0 0.6664737654320988 0.26414609053497945 0.019675925925925927 0.02417695473251029
0 0.6572145061728395 0.24897119341563786 0.023919753086419752 0.02417695473251029
0 0.5970293209876543 0.22556584362139917 0.019675925925925927 0.022119341563786008
0 0.6342592592592593 0.20241769547325103 0.02199074074074074 0.0257201646090535
