0 0.5211538461538462 0.35276796230859836 0.05 0.07891637220259129
0 0.5146153846153846 0.3127208480565371 0.03307692307692308 0.04240282685512368
0 0.5053846153846154 0.5153121319199058 0.05153846153846154 0.10365135453474676
0 0.5561538461538461 0.5300353356890459 0.06307692307692307 0.10129564193168433
0 0.4634615384615385 0.5630153121319199 0.036923076923076927 0.07420494699646643
0 0.4938461538461538 0.48468786808009423 0.040769230769230766 0.04711425206124853
0 0.34384615384615386 0.4045936395759717 0.045384615384615384 0.07773851590106007
0 0.8261538461538461 0.06301531213191991 0.040769230769230766 0.05182567726737338
0 0.8111538461538461 0.06595995288574794 0.03076923076923077 0.05535924617196702
0 0.7457692307692307 0.10836277974087162 0.02923076923076923 0.045936395759717315
0 0.6130769230769231 0.19905771495877503 0.04 0.05653710247349823
0 0.4176923076923077 0.17314487632508835 0.05692307692307692 0.08244994110718493
0 0.115 0.2656065959952886 0.04846153846153846 0.08362779740871613
0 0.17384615384615384 0.3003533568904594 0.052307692307692305 0.08480565371024736
0 0.20346153846153847 0.35276796230859836 0.04384615384615385 0.07420494699646643
0 0.755 0.9705535924617197 0.043076923076923075 0.0624263839811543
0 0.16807692307692307 0.6001177856301532 0.03307692307692308 0.048292108362779744
0 0.21769230769230768 0.765017667844523 0.05 0.09187279151943463
0 0.3465384615384615 0.5954063604240283 0.05307692307692308 0.08833922261484099
0 0.4176923076923077 0.7502944640753828 0.03076923076923077 0.06831566548881036
0 0.4126923076923077 0.8521790341578327 0.03307692307692308 0.06007067137809187
0 0.40923076923076923 0.6578327444051826 0.03461538461538462 0.0636042402826855
0 0.5942307692307692 0.9257950530035336 0.02923076923076923 0.043580683156654886
0 0.65 0.7879858657243817 0.027692307692307693 0.03769140164899882
