0 0.7102635782747604 0.1715353260869565 0.025958466453674122 0.03872282608695652
0 0.6118210862619808 0.042119565217391304 0.02476038338658147 0.04076086956521739
0 0.5830670926517572 0.044497282608695655 0.019568690095846646 0.03804347826086957
0 0.5932507987220448 0.08220108695652174 0.02156549520766773 0.03736413043478261
0 0.6116214057507987 0.08084239130434782 0.0231629392971246 0.03328804347826087
0 0.5866613418530351 0.11650815217391304 0.021166134185303515 0.033967391304347824
0 0.5894568690095847 0.14707880434782608 0.022763578274760384 0.036684782608695655
0 0.409944089456869 0.14130434782608695 0.019169329073482427 0.04008152173913043
0 0.41773162939297126 0.16610054347826086 0.018769968051118212 0.035326086956521736
0 0.40175718849840253 0.17289402173913043 0.018769968051118212 0.033967391304347824
0 0.5 0.21671195652173914 0.01757188498402556 0.036684782608695655
0 0.4536741214057508 0.2418478260869565 0.018370607028753993 0.03260869565217391
0 0.46405750798722045 0.24082880434782608 0.01637380191693291 0.036684782608695655
0 0.4311102236421725 0.24796195652173914 0.022364217252396165 0.03192934782608696
0 0.44788338658146964 0.27751358695652173 0.022763578274760384 0.036005434782608696
0 0.49940095846645366 0.2798913043478261 0.019968051118210862 0.029211956521739132
0 0.48043130990415334 0.3060461956521739 0.02036741214057508 0.04483695652173913
0 0.4936102236421725 0.33797554347826086 0.02036741214057508 0.042119565217391304
0 0.5263578274760383 0.30910326086956524 0.019968051118210862 0.04076086956521739
0 0.5447284345047924 0.2547554347826087 0.019169329073482427 0.029891304347826088
0 0.5543130990415336 0.2826086956521739 0.020766773162939296 0.03940217391304348
0 0.5658945686900958 0.30570652173913043 0.015175718849840255 0.03804347826086957
0 0.5788738019169329 0.2999320652173913 0.017172523961661343 0.041440217391304345
0 0.5936501597444089 0.3155570652173913 0.017971246006389777 0.03736413043478261
0 0.5920527156549521 0.1878396739130435 0.018769968051118212 0.030570652173913044
0 0.6499600638977636 0.20142663043478262 0.021166134185303515 0.04008152173913043
0 0.6369808306709265 0.2340353260869565 0.026757188498402557 0.04619565217391304
0 0.665535143769968 0.2391304347826087 0.023961661341853034 0.04008152173913043
0 0.6861022364217252 0.2639266304347826 0.024361022364217253 0.043478260869565216
0 0.7274361022364217 0.22384510869565216 0.02196485623003195 0.03872282608695652
0 0.7062699680511182 0.23947010869565216 0.022763578274760384 0.04008152173913043
0 0.7226437699680511 0.25339673913043476 0.020766773162939296 0.034646739130434784
0 0.7014776357827476 0.28328804347826086 0.020766773162939296 0.036005434782608696
0 0.7186501597444089 0.2717391304347826 0.019169329073482427 0.041440217391304345
0 0.661741214057508 0.2999320652173913 0.022763578274760384 0.04076086956521739
0 0.7030750798722045 0.3138586956521739 0.022364217252396165 0.04008152173913043
0 0.6501597444089456 0.34341032608695654 0.025958466453674122 0.04483695652173913
0 0.6871006389776357 0.33797554347826086 0.025159744408945688 0.041440217391304345
0 0.7561900958466453 0.3719429347826087 0.021166134185303515 0.03736413043478261
0 0.3937699680511182 0.37058423913043476 0.019568690095846646 0.03260869565217391
0 0.3686102236421725 0.32404891304347827 0.019968051118210862 0.036684782608695655
0 0.3634185303514377 0.41745923913043476 0.02036741214057508 0.03940217391304348
0 0.4027555910543131 0.4110054347826087 0.019968051118210862 0.03736413043478261
0 0.42631789137380194 0.40998641304347827 0.02036741214057508 0.03736413043478261
0 0.39017571884984026 0.4609375 0.02036741214057508 0.04076086956521739
0 0.39956070287539935 0.47554347826086957 0.02156549520766773 0.04008152173913043
0 0.4249201277955272 0.48233695652173914 0.02476038338658147 0.036684782608695655
0 0.43849840255591055 0.5098505434782609 0.02036741214057508 0.03804347826086957
0 0.45527156549520764 0.5278532608695652 0.02156549520766773 0.043478260869565216
0 0.46665335463258784 0.5098505434782609 0.017172523961661343 0.030570652173913044
0 0.5345447284345048 0.5764266304347826 0.02036741214057508 0.044157608695652176
0 0.45686900958466453 0.47622282608695654 0.018370607028753993 0.03940217391304348
0 0.4676517571884984 0.475883152173913 0.022763578274760384 0.03940217391304348
0 0.5473242811501597 0.3930027173913043 0.02356230031948882 0.034646739130434784
0 0.5936501597444089 0.40285326086956524 0.020766773162939296 0.03872282608695652
0 0.5768769968051118 0.3858695652173913 0.020766773162939296 0.03736413043478261
0 0.4490814696485623 0.5974864130434783 0.017971246006389777 0.03736413043478261
0 0.46166134185303515 0.6188858695652174 0.019968051118210862 0.03940217391304348
0 0.641573482428115 0.4779211956521739 0.02356230031948882 0.03872282608695652
0 0.6629392971246006 0.47282608695652173 0.0231629392971246 0.04076086956521739
0 0.6753194888178914 0.375 0.0231629392971246 0.04483695652173913
0 0.7106629392971247 0.3671875 0.024361022364217253 0.041440217391304345
0 0.9113418530351438 0.6779891304347826 0.027955271565495207 0.05298913043478261
0 0.8781948881789138 0.6616847826086957 0.018370607028753993 0.04076086956521739
0 0.48722044728434505 0.7663043478260869 0.026357827476038338 0.036684782608695655
0 0.4221246006389776 0.7119565217391305 0.034345047923322686 0.051630434782608696
0 0.402555910543131 0.7880434782608695 0.026357827476038338 0.04483695652173913
0 0.43610223642172524 0.7860054347826086 0.027156549520766772 0.04755434782608696
0 0.4333067092651757 0.8145380434782609 0.02875399361022364 0.05434782608695652
0 0.6853035143769968 0.8722826086956522 0.027955271565495207 0.04755434782608696
0 0.6174121405750799 0.936141304347826 0.031150159744408944 0.06114130434782609
0 0.4606629392971246 0.8213315217391305 0.020766773162939296 0.03872282608695652
0 0.4794329073482428 0.8179347826086957 0.018370607028753993 0.04551630434782609
0 0.4534744408945687 0.8519021739130435 0.022364217252396165 0.041440217391304345
0 0.4127396166134185 0.8617527173913043 0.021166134185303515 0.03736413043478261
0 0.3891773162939297 0.8305027173913043 0.017971246006389777 0.030570652173913044
0 0.38937699680511184 0.8519021739130435 0.01757188498402556 0.029891304347826088
0 0.38338658146964855 0.8651494565217391 0.017172523961661343 0.04076086956521739
0 0.384185303514377 0.7914402173913043 0.015175718849840255 0.033967391304347824
0 0.3590255591054313 0.9055706521739131 0.018370607028753993 0.03260869565217391
0 0.29932108626198084 0.9177989130434783 0.018370607028753993 0.041440217391304345
0 0.26437699680511184 0.8332201086956522 0.017172523961661343 0.028532608695652172
0 0.21805111821086262 0.8206521739130435 0.020766773162939296 0.035326086956521736
0 0.21605431309904152 0.9375 0.018370607028753993 0.04076086956521739
0 0.16733226837060702 0.9962635869565217 0.019568690095846646 0.020380434782608696
0 0.11880990415335463 0.9938858695652174 0.019169329073482427 0.022418478260869564
0 0.12899361022364217 0.9500679347826086 0.021166134185303515 0.04619565217391304
0 0.15175718849840256 0.9116847826086957 0.019968051118210862 0.03260869565217391
0 0.14516773162939298 0.8512228260869565 0.020766773162939296 0.04008152173913043
0 0.08905750798722045 0.8668478260869565 0.020766773162939296 0.04076086956521739
0 0.10802715654952076 0.8566576086956522 0.0231629392971246 0.03736413043478261
0 0.10123801916932908 0.7764945652173914 0.020766773162939296 0.042798913043478264
0 0.12080670926517571 0.7683423913043478 0.02156549520766773 0.03872282608695652
0 0.26717252396166136 0.6987092391304348 0.017172523961661343 0.04076086956521739
0 0.2018769968051118 0.7530570652173914 0.02036741214057508 0.03328804347826087
0 0.21944888178913738 0.6759510869565217 0.023961661341853034 0.044157608695652176
0 0.20307507987220447 0.6334918478260869 0.021166134185303515 0.036005434782608696
0 0.14357028753993611 0.5448369565217391 0.019169329073482427 0.03736413043478261
0 0.24640575079872204 0.6593070652173914 0.019568690095846646 0.036684782608695655
0 0.15335463258785942 0.5373641304347826 0.02156549520766773 0.024456521739130436
0 0.26677316293929715 0.6202445652173914 0.018370607028753993 0.035326086956521736
0 0.30690894568690097 0.5278532608695652 0.019968051118210862 0.036005434782608696
0 0.20926517571884984 0.4626358695652174 0.018370607028753993 0.02717391304347826
0 0.2637779552715655 0.47146739130434784 0.019169329073482427 0.03328804347826087
0 0.27895367412140576 0.4670516304347826 0.017172523961661343 0.026494565217391304
0 0.28334664536741216 0.48233695652173914 0.019968051118210862 0.029211956521739132
0 0.11441693290734824 0.6793478260869565 0.018370607028753993 0.041440217391304345
0 0.14416932907348243 0.6511548913043478 0.022763578274760384 0.042119565217391304
0 0.13258785942492013 0.7109375 0.021166134185303515 0.03940217391304348
0 0.1643370607028754 0.31216032608695654 0.021166134185303515 0.04008152173913043
0 0.14656549520766773 0.3046875 0.02196485623003195 0.035326086956521736
0 0.16353833865814696 0.352241847826087 0.02036741214057508 0.030570652173913044
0 0.14896166134185304 0.3420516304347826 0.02036741214057508 0.036684782608695655
0 0.21685303514376997 0.374320652173913 0.018370607028753993 0.028532608695652172
0 0.22084664536741214 0.35427989130434784 0.02036741214057508 0.03260869565217391
0 0.21884984025559107 0.4164402173913043 0.018370607028753993 0.033967391304347824
0 0.20666932907348243 0.43172554347826086 0.017971246006389777 0.03192934782608696
0 0.1968849840255591 0.37058423913043476 0.01637380191693291 0.03125
0 0.16753194888178913 0.39096467391304346 0.022763578274760384 0.030570652173913044
0 0.364017571884984 0.3546195652173913 0.0231629392971246 0.03872282608695652
0 0.7689696485623003 0.6073369565217391 0.020766773162939296 0.041440217391304345
0 0.7511980830670927 0.5808423913043478 0.02156549520766773 0.04619565217391304
0 0.7795527156549521 0.6484375 0.029952076677316294 0.04483695652173913
0 0.7893370607028753 0.6807065217391305 0.026357827476038338 0.04551630434782609
0 0.8184904153354633 0.6932744565217391 0.026757188498402557 0.052309782608695655
0 0.838258785942492 0.7218070652173914 0.03314696485623003 0.050271739130434784
0 0.7755591054313099 0.5574048913043478 0.02196485623003195 0.04891304347826087
0 0.9894169329073482 0.7088994565217391 0.021166134185303515 0.05366847826086957
0 0.9612619808306709 0.7432065217391305 0.020766773162939296 0.04076086956521739
0 0.978035143769968 0.7900815217391305 0.022364217252396165 0.035326086956521736
0 0.9954073482428115 0.7615489130434783 0.016773162939297124 0.041440217391304345
0 0.8502396166134185 0.7554347826086957 0.019169329073482427 0.03804347826086957
0 0.8821884984025559 0.8091032608695652 0.025559105431309903 0.051630434782608696
0 0.7783546325878594 0.7336956521739131 0.0231629392971246 0.04619565217391304
0 0.603035143769968 0.5648777173913043 0.02196485623003195 0.05434782608695652
0 0.8554313099041534 0.8291440217391305 0.02196485623003195 0.036684782608695655
0 0.8534345047923323 0.8644701086956522 0.02036741214057508 0.04076086956521739
0 0.9103434504792333 0.8600543478260869 0.02476038338658147 0.03872282608695652
0 0.8943690095846646 0.8770380434782609 0.02156549520766773 0.041440217391304345
0 0.9402955271565495 0.8634510869565217 0.020766773162939296 0.04551630434782609
0 0.9524760383386581 0.8284646739130435 0.017971246006389777 0.043478260869565216
0 0.9662539936102237 0.8226902173913043 0.018370607028753993 0.041440217391304345
0 0.8408546325878594 0.8916440217391305 0.019568690095846646 0.042798913043478264
0 0.8957667731629393 0.9592391304347826 0.02476038338658147 0.04619565217391304
0 0.9135383386581469 0.9894701086956522 0.02196485623003195 0.029211956521739132
0 0.9291134185303515 0.962296195652174 0.02196485623003195 0.03872282608695652
0 0.9764376996805112 0.9650135869565217 0.02196485623003195 0.043478260869565216
0 0.9402955271565495 0.9826766304347826 0.02196485623003195 0.036005434782608696
