0 0.66625 0.9275 0.03875 0.05
0 0.575 0.93 0.035 0.05333333333333334
0 0.7225 0.7425 0.02875 0.05
0 0.960625 0.8716666666666667 0.045 0.06166666666666667
0 0.92125 0.9375 0.02625 0.04
0 0.4075 0.9441666666666667 0.03125 0.04
0 0.363125 0.8908333333333334 0.03375 0.041666666666666664
0 0.395 0.8425 0.02625 0.04
0 0.435625 0.995 0.025 0.021666666666666667
0 0.4575 0.9975 0.03125 0.023333333333333334
0 0.159375 0.9383333333333334 0.045 0.045
0 0.18125 0.9616666666666667 0.0275 0.03666666666666667
0 0.354375 0.795 0.03 0.03833333333333333
0 0.973125 0.8066666666666666 0.04 0.035
0 0.9425 0.6566666666666666 0.0325 0.04666666666666667
0 0.91375 0.6258333333333334 0.03875 0.043333333333333335
0 0.881875 0.5816666666666667 0.025 0.03833333333333333
0 0.905625 0.6066666666666667 0.03 0.025
0 0.826875 0.6016666666666667 0.025 0.03166666666666667
0 0.839375 0.5808333333333333 0.02875 0.03166666666666667
0 0.891875 0.5275 0.02625 0.035
0 0.8475 0.5 0.0225 0.03
0 0.8025 0.45166666666666666 0.0275 0.03666666666666667
0 0.8575 0.3983333333333333 0.0375 0.04
0 0.91125 0.395 0.0275 0.03666666666666667
0 0.9375 0.3875 0.02875 0.03666666666666667
0 0.973125 0.33666666666666667 0.03 0.045
0 0.8675 0.3275 0.03125 0.043333333333333335
0 0.80375 0.3016666666666667 0.0275 0.04
0 0.768125 0.3383333333333333 0.0225 0.035
0 0.925 0.23166666666666666 0.0225 0.03666666666666667
0 0.94375 0.24083333333333334 0.02375 0.03
0 0.7775 0.25333333333333335 0.0225 0.03
0 0.76 0.22666666666666666 0.0225 0.03
0 0.795 0.21416666666666667 0.01875 0.03666666666666667
0 0.65625 0.18083333333333335 0.02125 0.03333333333333333
0 0.673125 0.29833333333333334 0.0225 0.03833333333333333
0 0.655625 0.30916666666666665 0.02125 0.03166666666666667
0 0.69375 0.2708333333333333 0.02375 0.03
0 0.708125 0.31 0.0225 0.03166666666666667
0 0.5875 0.4708333333333333 0.02875 0.03333333333333333
0 0.60125 0.44666666666666666 0.025 0.03666666666666667
0 0.598125 0.5241666666666667 0.02625 0.035
0 0.63375 0.5608333333333333 0.02625 0.03333333333333333
0 0.619375 0.5933333333333334 0.0225 0.03166666666666667
0 0.6725 0.5433333333333333 0.0275 0.043333333333333335
0 0.41625 0.49083333333333334 0.02125 0.03
0 0.421875 0.5241666666666667 0.02375 0.03166666666666667
0 0.435625 0.5008333333333334 0.02375 0.03166666666666667
0 0.51125 0.5441666666666667 0.02375 0.03333333333333333
0 0.49625 0.5525 0.01625 0.03
0 0.51 0.57 0.025 0.023333333333333334
0 0.47 0.5833333333333334 0.0325 0.02666666666666667
0 0.455 0.5758333333333333 0.02125 0.02666666666666667
0 0.404375 0.455 0.02 0.028333333333333332
0 0.4275 0.4575 0.02125 0.03
0 0.46125 0.505 0.0225 0.02666666666666667
0 0.465625 0.4825 0.02125 0.028333333333333332
0 0.49 0.48333333333333334 0.0275 0.03666666666666667
0 0.50125 0.4583333333333333 0.0275 0.03333333333333333
0 0.519375 0.48 0.03 0.035
0 0.56125 0.5025 0.03125 0.03666666666666667
0 0.260625 0.7041666666666667 0.03125 0.03833333333333333
0 0.346875 0.7658333333333334 0.02875 0.03833333333333333
0 0.46125 0.73 0.0325 0.04
0 0.429375 0.7466666666666667 0.0225 0.03833333333333333
0 0.425625 0.6683333333333333 0.03 0.03833333333333333
0 0.343125 0.7383333333333333 0.03 0.03166666666666667
0 0.4075 0.6983333333333334 0.03 0.03666666666666667
0 0.2125 0.7975 0.02875 0.03
0 0.295 0.5291666666666667 0.03125 0.03
0 0.274375 0.5075 0.02625 0.03833333333333333
0 0.119375 0.9083333333333333 0.0325 0.045
0 0.08875 0.7441666666666666 0.03125 0.04
0 0.0575 0.725 0.0325 0.03333333333333333
0 0.05625 0.7491666666666666 0.02875 0.04
0 0.031875 0.7441666666666666 0.02375 0.041666666666666664
0 0.0375 0.785 0.0225 0.03
0 0.1 0.7041666666666667 0.02875 0.03666666666666667
0 0.065625 0.6925 0.02625 0.035
0 0.0425 0.6891666666666667 0.02375 0.03333333333333333
0 0.07875 0.6425 0.02875 0.043333333333333335
0 0.06 0.6308333333333334 0.03125 0.04
0 0.545 0.44166666666666665 0.0325 0.04
0 0.106875 0.5216666666666666 0.03 0.035
0 0.043125 0.38333333333333336 0.025 0.041666666666666664
0 0.0525 0.3775 0.02625 0.02666666666666667
0 0.105 0.4266666666666667 0.0325 0.03
0 0.105625 0.4525 0.02875 0.03833333333333333
0 0.14875 0.45416666666666666 0.03125 0.03
0 0.164375 0.5725 0.02625 0.028333333333333332
0 0.24375 0.5725 0.03375 0.04
0 0.23125 0.5816666666666667 0.0325 0.043333333333333335
0 0.158125 0.6391666666666667 0.02375 0.041666666666666664
0 0.1775 0.6291666666666667 0.02875 0.04
0 0.273125 0.33666666666666667 0.0275 0.035
0 0.305625 0.3641666666666667 0.02875 0.035
0 0.339375 0.3625 0.03125 0.03833333333333333
0 0.284375 0.39166666666666666 0.03 0.041666666666666664
0 0.325 0.49833333333333335 0.0225 0.03
0 0.465 0.41583333333333333 0.03375 0.04
0 0.695625 0.13 0.025 0.028333333333333332
0 0.7225 0.125 0.02 0.02666666666666667
0 0.688125 0.24083333333333334 0.02625 0.03166666666666667
0 0.629375 0.1125 0.02625 0.041666666666666664
0 0.620625 0.14666666666666667 0.02 0.028333333333333332
0 0.495 0.28583333333333333 0.02875 0.04
0 0.391875 0.2708333333333333 0.02375 0.03166666666666667
0 0.39875 0.17333333333333334 0.03 0.02666666666666667
0 0.5775 0.025833333333333333 0.02375 0.03
0 0.57875 0.055 0.0275 0.03333333333333333
0 0.543125 0.125 0.02 0.025
0 0.389375 0.0125 0.01875 0.025
0 0.409375 0.015 0.02 0.028333333333333332
0 0.655625 0.018333333333333333 0.0225 0.025
0 0.63125 0.014166666666666666 0.02125 0.02666666666666667
0 0.796875 0.02 0.02 0.035
