0 0.36246141975308643 0.026748971193415638 0.022376543209876542 0.020061728395061727
0 0.3883101851851852 0.01954732510288066 0.020833333333333332 0.026234567901234566
0 0.28530092592592593 0.03446502057613169 0.024691358024691357 0.032407407407407406
0 0.2509645061728395 0.053497942386831275 0.018518518518518517 0.03137860082304527
0 0.22743055555555555 0.06378600823045268 0.020061728395061727 0.03446502057613169
0 0.5387731481481481 0.10493827160493827 0.019290123456790122 0.03343621399176955
0 0.5655864197530864 0.09722222222222222 0.013117283950617283 0.0257201646090535
0 0.564429012345679 0.0668724279835391 0.018518518518518517 0.029835390946502057
0 0.5526620370370371 0.08796296296296297 0.014660493827160493 0.02109053497942387
0 0.3462577160493827 0.23559670781893005 0.022376543209876542 0.026234567901234566
0 0.33738425925925924 0.19547325102880658 0.013888888888888888 0.022119341563786008
0 0.3489583333333333 0.21965020576131689 0.022376543209876542 0.02109053497942387
0 0.27816358024691357 0.25411522633744854 0.021604938271604937 0.0257201646090535
0 0.2957175925925926 0.2672325102880658 0.021219135802469136 0.020061728395061727
0 0.28414351851851855 0.1867283950617284 0.019290123456790122 0.03343621399176955
0 0.5289351851851852 0.2638888888888889 0.017746913580246913 0.024691358024691357
0 0.4886188271604938 0.1970164609053498 0.017746913580246913 0.029320987654320986
0 0.5271990740740741 0.33101851851851855 0.025848765432098766 0.02726337448559671
0 0.4174382716049383 0.28189300411522633 0.020061728395061727 0.040123456790123455
0 0.5237268518518519 0.29475308641975306 0.015432098765432098 0.02726337448559671
0 0.36400462962962965 0.32690329218106995 0.021219135802469136 0.03343621399176955
0 0.4095293209876543 0.3603395061728395 0.021219135802469136 0.035493827160493825
0 0.24382716049382716 0.3508230452674897 0.024691358024691357 0.033950617283950615
0 0.25887345679012347 0.3713991769547325 0.020061728395061727 0.024691358024691357
0 0.2824074074074074 0.3611111111111111 0.021604938271604937 0.03292181069958848
0 0.1417824074074074 0.3413065843621399 0.02353395061728395 0.026234567901234566
0 0.16145833333333334 0.45267489711934156 0.016975308641975308 0.032407407407407406
0 0.20756172839506173 0.430298353909465 0.021219135802469136 0.03909465020576132
0 0.2175925925925926 0.4897119341563786 0.024691358024691357 0.03909465020576132
0 0.2743055555555556 0.44315843621399176 0.01890432098765432 0.024691358024691357
0 0.27025462962962965 0.39969135802469136 0.024691358024691357 0.03446502057613169
0 0.31828703703703703 0.22196502057613168 0.019675925925925927 0.0257201646090535
0 0.35146604938271603 0.4529320987654321 0.018132716049382717 0.02880658436213992
0 0.14255401234567902 0.5007716049382716 0.01890432098765432 0.04063786008230453
0 0.16203703703703703 0.5015432098765432 0.011574074074074073 0.030864197530864196
0 0.17476851851851852 0.5138888888888888 0.017746913580246913 0.029835390946502057
0 0.16358024691358025 0.5396090534979424 0.019290123456790122 0.026748971193415638
0 0.14583333333333334 0.5488683127572016 0.020833333333333332 0.03497942386831276
0 0.22723765432098766 0.5715020576131687 0.023919753086419752 0.03189300411522634
0 0.18364197530864199 0.6095679012345679 0.019290123456790122 0.03292181069958848
0 0.14814814814814814 0.6826131687242798 0.023919753086419752 0.026748971193415638
0 0.20717592592592593 0.690843621399177 0.022376543209876542 0.03189300411522634
0 0.3742283950617284 0.6502057613168725 0.021604938271604937 0.03292181069958848
0 0.20679012345679013 0.8096707818930041 0.021604938271604937 0.03497942386831276
0 0.22723765432098766 0.8533950617283951 0.020833333333333332 0.040123456790123455
0 0.2507716049382716 0.8713991769547325 0.016975308641975308 0.03909465020576132
0 0.4984567901234568 0.7304526748971193 0.018518518518518517 0.024691358024691357
0 0.42476851851851855 0.6738683127572016 0.018518518518518517 0.0257201646090535
