0 0.2762345679012346 0.042695473251028807 0.015432098765432098 0.037037037037037035
0 0.28838734567901236 0.013374485596707819 0.020061728395061727 0.032407407407407406
0 0.3341049382716049 0.02109053497942387 0.020061728395061727 0.026748971193415638
0 0.35262345679012347 0.01800411522633745 0.021604938271604937 0.02263374485596708
0 0.27334104938271603 0.2037037037037037 0.024691358024691357 0.03755144032921811
0 0.27469135802469136 0.24717078189300412 0.019675925925925927 0.021604938271604937
0 0.33371913580246915 0.21244855967078188 0.017746913580246913 0.021604938271604937
0 0.2957175925925926 0.2109053497942387 0.021604938271604937 0.03343621399176955
0 0.2648533950617284 0.2726337448559671 0.02546296296296296 0.02109053497942387
0 0.29475308641975306 0.275977366255144 0.019675925925925927 0.03189300411522634
0 0.35185185185185186 0.25025720164609055 0.019675925925925927 0.024691358024691357
0 0.3734567901234568 0.25 0.017746913580246913 0.0257201646090535
0 0.39371141975308643 0.2417695473251029 0.018518518518518517 0.032407407407407406
0 0.5196759259259259 0.264917695473251 0.014660493827160493 0.03189300411522634
0 0.5106095679012346 0.3006687242798354 0.01273148148148148 0.028292181069958847
0 0.4068287037037037 0.279320987654321 0.022376543209876542 0.03446502057613169
0 0.4226466049382716 0.30092592592592593 0.019290123456790122 0.032407407407407406
0 0.42746913580246915 0.3505658436213992 0.018132716049382717 0.024691358024691357
0 0.4149305555555556 0.3742283950617284 0.02199074074074074 0.02726337448559671
0 0.5210262345679012 0.10596707818930041 0.017746913580246913 0.032407407407407406
0 0.5349151234567902 0.0889917695473251 0.010802469135802469 0.02109053497942387
0 0.5472608024691358 0.10262345679012345 0.01273148148148148 0.025205761316872428
0 0.2550154320987654 0.37474279835390945 0.02353395061728395 0.03292181069958848
0 0.2689043209876543 0.3942901234567901 0.018132716049382717 0.02263374485596708
0 0.2800925925925926 0.37474279835390945 0.018132716049382717 0.02880658436213992
0 0.15219907407407407 0.3644547325102881 0.02044753086419753 0.032407407407407406
0 0.3757716049382716 0.4403292181069959 0.020061728395061727 0.026748971193415638
0 0.2199074074074074 0.4547325102880658 0.023148148148148147 0.0411522633744856
0 0.17901234567901234 0.4696502057613169 0.02700617283950617 0.03292181069958848
0 0.10223765432098765 0.42901234567901236 0.020061728395061727 0.03806584362139918
0 0.16473765432098766 0.5133744855967078 0.018518518518518517 0.03806584362139918
0 0.18441358024691357 0.5133744855967078 0.013888888888888888 0.037037037037037035
0 0.19483024691358025 0.5308641975308642 0.021604938271604937 0.029835390946502057
0 0.1871141975308642 0.5565843621399177 0.020061728395061727 0.029835390946502057
0 0.2318672839506173 0.5102880658436214 0.026234567901234566 0.044238683127572016
0 0.37017746913580246 0.4704218106995885 0.017361111111111112 0.03343621399176955
0 0.40065586419753085 0.5177469135802469 0.015046296296296295 0.02726337448559671
0 0.3422067901234568 0.4714506172839506 0.015817901234567902 0.02880658436213992
0 0.5391589506172839 0.48585390946502055 0.015817901234567902 0.02726337448559671
0 0.5158179012345679 0.3323045267489712 0.019290123456790122 0.01954732510288066
0 0.1701388888888889 0.5606995884773662 0.020061728395061727 0.03292181069958848
0 0.24035493827160495 0.5915637860082305 0.023919753086419752 0.030864197530864196
0 0.3524305555555556 0.5702160493827161 0.024305555555555556 0.03446502057613169
0 0.19598765432098766 0.6270576131687243 0.023148148148148147 0.03292181069958848
0 0.16068672839506173 0.6286008230452675 0.016975308641975308 0.025205761316872428
0 0.17708333333333334 0.6903292181069959 0.020061728395061727 0.026748971193415638
0 0.03973765432098766 0.6697530864197531 0.022376543209876542 0.03292181069958848
0 0.09683641975308642 0.7289094650205762 0.024691358024691357 0.03497942386831276
0 0.10030864197530864 0.7734053497942387 0.02353395061728395 0.033950617283950615
0 0.19540895061728394 0.7335390946502057 0.023148148148148147 0.03137860082304527
0 0.19849537037037038 0.7736625514403292 0.021604938271604937 0.03137860082304527
0 0.2663966049382716 0.819701646090535 0.03510802469135803 0.030349794238683128
0 0.2318672839506173 0.8284465020576132 0.025848765432098766 0.037037037037037035
0 0.22202932098765432 0.7103909465020576 0.016975308641975308 0.029320987654320986
0 0.392554012345679 0.6679526748971193 0.02044753086419753 0.038580246913580245
0 0.40914351851851855 0.8199588477366255 0.026234567901234566 0.030349794238683128
0 0.2525077160493827 0.8713991769547325 0.02854938271604938 0.042695473251028807
0 0.27102623456790126 0.8973765432098766 0.02507716049382716 0.03137860082304527
0 0.09722222222222222 0.8279320987654321 0.03587962962962963 0.02880658436213992
