0 0.29552469135802467 0.22119341563786007 0.022376543209876542 0.040123456790123455
0 0.30864197530864196 0.23868312757201646 0.020833333333333332 0.033950617283950615
0 0.35300925925925924 0.2726337448559671 0.017746913580246913 0.02263374485596708
0 0.3487654320987654 0.25977366255144035 0.021604938271604937 0.01748971193415638
0 0.4039351851851852 0.31069958847736623 0.016203703703703703 0.02880658436213992
0 0.42322530864197533 0.32098765432098764 0.016203703703703703 0.037037037037037035
0 0.2527006172839506 0.39094650205761317 0.022376543209876542 0.03497942386831276
0 0.1423611111111111 0.38117283950617287 0.016975308641975308 0.030864197530864196
0 0.3479938271604938 0.38065843621399176 0.019290123456790122 0.029835390946502057
0 0.4131944444444444 0.4027777777777778 0.020061728395061727 0.030864197530864196
0 0.42399691358024694 0.38065843621399176 0.016203703703703703 0.024691358024691357
0 0.5370370370370371 0.3019547325102881 0.020061728395061727 0.027777777777777776
0 0.5300925925925926 0.33641975308641975 0.014660493827160493 0.0257201646090535
0 0.5339506172839507 0.36574074074074076 0.018518518518518517 0.01748971193415638
0 0.2820216049382716 0.3976337448559671 0.015432098765432098 0.026748971193415638
0 0.2611882716049383 0.41460905349794236 0.020833333333333332 0.02263374485596708
0 0.2029320987654321 0.4758230452674897 0.018518518518518517 0.0360082304526749
0 0.3591820987654321 0.46141975308641975 0.023148148148148147 0.03497942386831276
0 0.35300925925925924 0.4984567901234568 0.023148148148148147 0.03292181069958848
0 0.2179783950617284 0.5324074074074074 0.023148148148148147 0.03909465020576132
0 0.1566358024691358 0.5010288065843621 0.017746913580246913 0.029835390946502057
0 0.13580246913580246 0.5529835390946503 0.018518518518518517 0.03189300411522634
0 0.1554783950617284 0.558641975308642 0.014660493827160493 0.02263374485596708
0 0.16859567901234568 0.5684156378600823 0.018518518518518517 0.024691358024691357
0 0.16010802469135801 0.5910493827160493 0.021604938271604937 0.03292181069958848
0 0.1423611111111111 0.602880658436214 0.019290123456790122 0.02880658436213992
0 0.22299382716049382 0.6188271604938271 0.024691358024691357 0.023662551440329218
0 0.3368055555555556 0.5936213991769548 0.022376543209876542 0.02880658436213992
0 0.3908179012345679 0.5416666666666666 0.021604938271604937 0.026748971193415638
0 0.53125 0.49794238683127573 0.016203703703703703 0.0205761316872428
0 0.5455246913580247 0.5077160493827161 0.018518518518518517 0.027777777777777776
0 0.3630401234567901 0.37088477366255146 0.023148148148148147 0.02880658436213992
0 0.3387345679012346 0.23868312757201646 0.013117283950617283 0.021604938271604937
0 0.30478395061728397 0.29989711934156377 0.018518518518518517 0.029835390946502057
0 0.6809413580246914 0.558641975308642 0.016203703703703703 0.026748971193415638
0 0.683641975308642 0.5236625514403292 0.017746913580246913 0.0257201646090535
0 0.753858024691358 0.49588477366255146 0.017746913580246913 0.027777777777777776
0 0.7770061728395061 0.5344650205761317 0.015432098765432098 0.03189300411522634
0 0.7611882716049383 0.536522633744856 0.015432098765432098 0.030864197530864196
0 0.061342592592592594 0.7186213991769548 0.017746913580246913 0.0360082304526749
0 0.17997685185185186 0.6550925925925926 0.017361111111111112 0.032407407407407406
0 0.20601851851851852 0.7386831275720165 0.021604938271604937 0.03806584362139918
0 0.15335648148148148 0.7325102880658436 0.018518518518518517 0.03343621399176955
0 0.47087191358024694 0.7646604938271605 0.016589506172839507 0.03755144032921811
0 0.24074074074074073 0.8549382716049383 0.02700617283950617 0.033950617283950615
0 0.2048611111111111 0.8713991769547325 0.022376543209876542 0.030864197530864196
0 0.4255401234567901 0.8611111111111112 0.022376543209876542 0.02880658436213992
0 0.3958333333333333 0.852366255144033 0.029320987654320986 0.021604938271604937
0 0.22415123456790123 0.9130658436213992 0.021604938271604937 0.043209876543209874
