0 0.3285108024691358 0.2132201646090535 0.016589506172839507 0.02417695473251029
0 0.3433641975308642 0.24897119341563786 0.018518518518518517 0.026748971193415638
0 0.19675925925925927 0.455761316872428 0.020833333333333332 0.033950617283950615
0 0.12075617283950617 0.5344650205761317 0.015432098765432098 0.03189300411522634
0 0.19039351851851852 0.8397633744855967 0.02044753086419753 0.03446502057613169
0 0.13792438271604937 0.363940329218107 0.02044753086419753 0.02726337448559671
0 0.1431327160493827 0.569701646090535 0.02044753086419753 0.03189300411522634
0 0.20814043209876543 0.8858024691358025 0.020833333333333332 0.03652263374485597
0 0.22820216049382716 0.9104938271604939 0.023919753086419752 0.03446502057613169
0 0.2706404320987654 0.205761316872428 0.018518518518518517 0.028292181069958847
0 0.35532407407407407 0.023662551440329218 0.018518518518518517 0.02880658436213992
0 0.2345679012345679 0.37088477366255146 0.023919753086419752 0.029835390946502057
0 0.2503858024691358 0.3904320987654321 0.020833333333333332 0.02880658436213992
0 0.2692901234567901 0.38117283950617287 0.022376543209876542 0.027777777777777776
0 0.2881944444444444 0.2803497942386831 0.020833333333333332 0.02263374485596708
0 0.41782407407407407 0.30504115226337447 0.019290123456790122 0.03292181069958848
0 0.2804783950617284 0.05246913580246913 0.018518518518518517 0.026748971193415638
0 0.310570987654321 0.07664609053497942 0.016203703703703703 0.01646090534979424
0 0.5335648148148148 0.2839506172839506 0.018518518518518517 0.026748971193415638
0 0.5300925925925926 0.345679012345679 0.016975308641975308 0.01748971193415638
0 0.3414351851851852 0.35648148148148145 0.017746913580246913 0.03292181069958848
0 0.53125 0.11368312757201646 0.013117283950617283 0.02880658436213992
0 0.35030864197530864 0.43724279835390945 0.018518518518518517 0.03189300411522634
0 0.16917438271604937 0.6373456790123457 0.014660493827160493 0.02109053497942387
0 0.21508487654320987 0.6000514403292181 0.02816358024691358 0.023148148148148147
0 0.15335648148148148 0.654320987654321 0.018518518518518517 0.035493827160493825
0 0.05343364197530864 0.7011316872427984 0.020061728395061727 0.035493827160493825
0 0.06925154320987655 0.7703189300411523 0.022762345679012346 0.028292181069958847
0 0.13734567901234568 0.48482510288065844 0.02507716049382716 0.03189300411522634
0 0.36728395061728397 0.6728395061728395 0.02700617283950617 0.04218106995884774
0 0.1527777777777778 0.5375514403292181 0.017746913580246913 0.030864197530864196
