0 0.2071147970318638 0.08541666666666667 0.06591008293321693 0.06506410256410257
0 0.27848101265822783 0.1483974358974359 0.0663465735486687 0.07756410256410257
0 0.17285028371890004 0.1546474358974359 0.05892623308598865 0.05512820512820513
0 0.0501964207769533 0.18782051282051282 0.07071147970318638 0.04294871794871795
0 0.17154081187254475 0.19615384615384615 0.06023570493234395 0.05961538461538462
0 0.11479703186381493 0.24342948717948718 0.05106940200785683 0.03782051282051282
0 0.04495853339153208 0.225 0.04539502400698385 0.05512820512820513
0 0.08031427324312528 0.2794871794871795 0.04975993016150153 0.047435897435897434
0 0.3350065473592318 0.21602564102564104 0.0663465735486687 0.058653846153846154
0 0.28109995635093843 0.1996794871794872 0.046268005237887384 0.04551282051282051
0 0.3347883020515059 0.10657051282051282 0.04495853339153208 0.038461538461538464
0 0.4081187254474029 0.12467948717948718 0.04364906154517678 0.04423076923076923
0 0.4598428633784374 0.22916666666666666 0.054124836316019206 0.049679487179487176
0 0.4930161501527717 0.29375 0.046704495853339155 0.04326923076923077
0 0.5877346137058054 0.2799679487179487 0.06329113924050633 0.058653846153846154
0 0.5938454823221301 0.3424679487179487 0.05543430816237451 0.049679487179487176
0 0.6420776953295504 0.3605769230769231 0.06023570493234395 0.04551282051282051
0 0.34722828459188126 0.4108974358974359 0.05237887385421213 0.05352564102564102
0 0.272588389349629 0.3971153846153846 0.04801396769969446 0.041346153846153845
0 0.23876036665211697 0.39326923076923076 0.03841117415975556 0.04038461538461539
0 0.24181580096027935 0.4394230769230769 0.04364906154517678 0.04935897435897436
0 0.3592317765168049 0.5004807692307692 0.04932343954604976 0.041666666666666664
0 0.43103448275862066 0.5094551282051282 0.060672195547795724 0.06762820512820512
0 0.5192055870798777 0.45576923076923076 0.04801396769969446 0.0516025641025641
0 0.022042776080314273 0.46939102564102564 0.031863814927979045 0.029166666666666667
0 0.030336097773897862 0.3733974358974359 0.03579223046704496 0.03108974358974359
0 0.5283718900043649 0.37948717948717947 0.06285464862505456 0.03173076923076923
0 0.19729375818419903 0.23814102564102563 0.05499781754692274 0.06474358974358975
0 0.3155827149716281 0.6698717948717948 0.06983849847228285 0.06923076923076923
0 0.053688345700567436 0.5634615384615385 0.04714098646879092 0.03076923076923077
0 0.020951549541684853 0.5522435897435898 0.030554343081623744 0.027564102564102563
0 0.06547359231776517 0.6048076923076923 0.046268005237887384 0.03782051282051282
0 0.022697512003491925 0.6133012820512821 0.029244871235268442 0.03333333333333333
0 0.05237887385421213 0.6509615384615385 0.04975993016150153 0.03397435897435897
0 0.1501527717154081 0.6544871794871795 0.034919249236141425 0.04038461538461539
0 0.1326931470973374 0.7201923076923077 0.05674378000872981 0.06346153846153846
0 0.07376691401134876 0.7307692307692307 0.04015713662156264 0.04358974358974359
0 0.3950240069838499 0.7128205128205128 0.055870798777826275 0.06794871794871794
0 0.4233958969882147 0.7022435897435897 0.07071147970318638 0.041666666666666664
0 0.2234831951113051 0.591025641025641 0.06983849847228285 0.035256410256410256
0 0.214316892186818 0.6112179487179488 0.058489742470536885 0.038461538461538464
0 0.2544740288083806 0.5525641025641026 0.06285464862505456 0.038461538461538464
0 0.3756001745962462 0.7884615384615384 0.05237887385421213 0.05737179487179487
0 0.3906591008293322 0.8153846153846154 0.05499781754692274 0.05576923076923077
0 0.407900480139677 0.9120192307692307 0.06154517677869926 0.04455128205128205
0 0.3465735486687036 0.8967948717948718 0.0392841553906591 0.03333333333333333
0 0.43845482322130075 0.9314102564102564 0.07071147970318638 0.06185897435897436
0 0.29070274989087735 0.9394230769230769 0.055870798777826275 0.05064102564102564
0 0.18790920995198604 0.9850961538461539 0.04495853339153208 0.02980769230769231
0 0.25250982103884767 0.9692307692307692 0.04364906154517678 0.040705128205128206
0 0.8548668703622873 0.930448717948718 0.03753819292885203 0.04326923076923077
0 0.8972064600611087 0.9131410256410256 0.04277608031427324 0.04391025641025641
0 0.6676123963334788 0.8161858974358974 0.046704495853339155 0.040705128205128206
0 0.825185508511567 0.8064102564102564 0.06110868616324749 0.027884615384615386
0 0.8494107376691401 0.8427884615384615 0.04845045831514622 0.041025641025641026
0 0.8950240069838499 0.8532051282051282 0.05325185508511567 0.0342948717948718
0 0.7409428197293758 0.9596153846153846 0.046268005237887384 0.04006410256410257
0 0.802706241815801 0.9177884615384615 0.0379746835443038 0.04423076923076923
0 0.7693147097337407 0.7451923076923077 0.04103011785246617 0.04583333333333333
0 0.8072893932780445 0.7387820512820513 0.036665211697948494 0.03365384615384615
0 0.8072893932780445 0.6918269230769231 0.04146660846791794 0.04519230769230769
0 0.8489742470536883 0.6788461538461539 0.044522042776080316 0.046153846153846156
0 0.757529463116543 0.6709935897435897 0.0501964207769533 0.03942307692307692
0 0.8332605848974247 0.453525641025641 0.09166302924487124 0.05448717948717949
0 0.8699257965953732 0.5461538461538461 0.06285464862505456 0.046794871794871795
0 0.8358795285901353 0.6394230769230769 0.06372762985595809 0.058333333333333334
0 0.7752073330423396 0.6141025641025641 0.06983849847228285 0.06025641025641026
0 0.7948494107376691 0.5006410256410256 0.08031427324312528 0.04807692307692308
0 0.7149716281099956 0.5538461538461539 0.07333042339589699 0.03076923076923077
0 0.5896988214753383 0.6230769230769231 0.03317328677433435 0.03397435897435897
0 0.6119598428633785 0.6089743589743589 0.04015713662156264 0.03333333333333333
