0 0.6075 0.0875 0.059 0.049
0 0.6755 0.13 0.05 0.055
0 0.6665 0.17 0.044 0.031
0 0.726 0.1615 0.063 0.06
0 0.585 0.2355 0.053 0.056
0 0.667 0.2295 0.055 0.062
0 0.457 0.29 0.058 0.046
0 0.4895 0.324 0.054 0.059
0 0.4335 0.339 0.054 0.053
0 0.467 0.3825 0.061 0.066
0 0.64 0.3715 0.059 0.042
0 0.9 0.291 0.058 0.05
0 0.9515 0.291 0.056 0.051
0 0.9425 0.2555 0.049 0.043
0 0.3215 0.4845 0.067 0.059
0 0.567 0.5725 0.059 0.064
0 0.3695 0.557 0.056 0.063
0 0.337 0.5935 0.065 0.088
0 0.27 0.567 0.054 0.078
0 0.163 0.7605 0.073 0.058
0 0.6595 0.6225 0.059 0.063
0 0.608 0.6375 0.057 0.062
0 0.6475 0.4965 0.051 0.059
0 0.5105 0.6765 0.077 0.067
0 0.696 0.6445 0.059 0.07
0 0.822 0.7125 0.069 0.074
0 0.6045 0.706 0.068 0.063
0 0.6095 0.7575 0.069 0.057
0 0.669 0.738 0.068 0.064
0 0.6345 0.8235 0.063 0.055
0 0.653 0.8745 0.065 0.056
0 0.6125 0.8715 0.055 0.063
0 0.897 0.892 0.052 0.04
