0 0.21923076923076923 0.075635103926097 0.023846153846153847 0.053117782909930716
0 0.23307692307692307 0.12702078521939955 0.026153846153846153 0.03464203233256351
0 0.17846153846153845 0.1033487297921478 0.026923076923076925 0.04387990762124711
0 0.06807692307692308 0.19630484988452657 0.024615384615384615 0.05658198614318707
0 0.026923076923076925 0.19861431870669746 0.027692307692307693 0.046189376443418015
0 0.2684615384615385 0.08718244803695151 0.02846153846153846 0.050808314087759814
0 0.25153846153846154 0.03348729792147806 0.026153846153846153 0.03002309468822171
0 0.23884615384615385 0.19861431870669746 0.02923076923076923 0.05196304849884527
0 0.29846153846153844 0.11143187066974596 0.019230769230769232 0.04157043879907621
0 0.3473076923076923 0.1420323325635104 0.03230769230769231 0.049653579676674366
0 0.3211538461538462 0.1859122401847575 0.023076923076923078 0.049653579676674366
0 0.35384615384615387 0.18879907621247113 0.025384615384615384 0.04849884526558892
0 0.11076923076923077 0.03926096997690531 0.03230769230769231 0.025404157043879907
0 0.33653846153846156 0.06466512702078522 0.02 0.04734411085450346
0 0.46153846153846156 0.09295612009237875 0.025384615384615384 0.03695150115473441
0 0.3515384615384615 0.018475750577367205 0.024615384615384615 0.03002309468822171
0 0.47846153846153844 0.018475750577367205 0.024615384615384615 0.03464203233256351
0 0.47846153846153844 0.12759815242494227 0.022307692307692306 0.04387990762124711
0 0.541923076923077 0.1125866050808314 0.031538461538461536 0.03810623556581986
0 0.5015384615384615 0.16685912240184758 0.022307692307692306 0.053117782909930716
0 0.5415384615384615 0.14318706697459585 0.024615384615384615 0.03926096997690531
0 0.47384615384615386 0.24422632794457275 0.02076923076923077 0.050808314087759814
0 0.34692307692307695 0.3568129330254042 0.02923076923076923 0.053117782909930716
0 0.55 0.23325635103926096 0.018461538461538463 0.03464203233256351
0 0.5276923076923077 0.2361431870669746 0.022307692307692306 0.04387990762124711
0 0.5188461538461538 0.33833718244803695 0.03230769230769231 0.03117782909930716
0 0.5007692307692307 0.32909930715935337 0.023076923076923078 0.046189376443418015
0 0.5115384615384615 0.3527713625866051 0.02076923076923077 0.046189376443418015
0 0.4665384615384615 0.302540415704388 0.03230769230769231 0.042725173210161664
0 0.9703846153846154 0.03983833718244804 0.031538461538461536 0.061200923787528866
0 0.9042307692307693 0.16166281755196305 0.02923076923076923 0.04734411085450346
0 0.7838461538461539 0.2384526558891455 0.03 0.03926096997690531
0 0.8157692307692308 0.25981524249422633 0.038461538461538464 0.04503464203233257
0 0.7461538461538462 0.05138568129330254 0.02846153846153846 0.03002309468822171
0 0.7369230769230769 0.1420323325635104 0.024615384615384615 0.03926096997690531
0 0.7446153846153846 0.21709006928406466 0.02 0.03464203233256351
0 0.6596153846153846 0.3441108545034642 0.023076923076923078 0.04041570438799076
0 0.7192307692307692 0.2863741339491917 0.027692307692307693 0.050808314087759814
0 0.6230769230769231 0.4590069284064665 0.03 0.04849884526558892
0 0.9707692307692307 0.2846420323325635 0.03461538461538462 0.053117782909930716
0 0.958076923076923 0.20265588914549654 0.03 0.04041570438799076
0 0.9515384615384616 0.3094688221709007 0.033846153846153845 0.05542725173210162
0 0.9192307692307692 0.30138568129330257 0.04 0.053117782909930716
0 0.7738461538461539 0.41628175519630484 0.031538461538461536 0.04157043879907621
0 0.9769230769230769 0.40300230946882215 0.021538461538461538 0.04849884526558892
0 0.7346153846153847 0.4907621247113164 0.03076923076923077 0.04157043879907621
0 0.7553846153846154 0.4953810623556582 0.023076923076923078 0.03464203233256351
0 0.7469230769230769 0.5207852193995381 0.027692307692307693 0.053117782909930716
0 0.7215384615384616 0.5023094688221709 0.026153846153846153 0.06466512702078522
0 0.9838461538461538 0.5767898383371824 0.03 0.05542725173210162
0 0.9565384615384616 0.5438799076212472 0.03076923076923077 0.04503464203233257
0 0.943076923076923 0.4797921478060046 0.02076923076923077 0.03926096997690531
0 0.938076923076923 0.5508083140877598 0.024615384615384615 0.049653579676674366
0 0.895 0.5132794457274826 0.025384615384615384 0.03348729792147806
0 0.8819230769230769 0.5346420323325635 0.023076923076923078 0.04041570438799076
0 0.8823076923076923 0.5710161662817552 0.025384615384615384 0.03926096997690531
0 0.9015384615384615 0.6143187066974596 0.023076923076923078 0.04387990762124711
0 0.8680769230769231 0.6403002309468823 0.01769230769230769 0.03579676674364896
0 0.8546153846153847 0.6351039260969977 0.016923076923076923 0.046189376443418015
0 0.8192307692307692 0.6426096997690531 0.031538461538461536 0.03695150115473441
0 0.8126923076923077 0.6760969976905312 0.03307692307692308 0.05196304849884527
0 0.9034615384615384 0.7736720554272517 0.021538461538461538 0.05196304849884527
0 0.8869230769230769 0.7228637413394919 0.027692307692307693 0.04387990762124711
0 0.8538461538461538 0.8418013856812933 0.033846153846153845 0.04849884526558892
0 0.8884615384615384 0.8521939953810623 0.023076923076923078 0.046189376443418015
0 0.8765384615384615 0.76905311778291 0.018461538461538463 0.04041570438799076
0 0.8484615384615385 0.7771362586605081 0.024615384615384615 0.050808314087759814
0 0.7980769230769231 0.5467667436489607 0.02076923076923077 0.03810623556581986
0 0.8530769230769231 0.5323325635103926 0.024615384615384615 0.04387990762124711
0 0.7653846153846153 0.6206697459584296 0.025384615384615384 0.03926096997690531
0 0.7511538461538462 0.6581986143187067 0.03076923076923077 0.03348729792147806
0 0.6111538461538462 0.3960739030023095 0.02923076923076923 0.03579676674364896
0 0.5815384615384616 0.6235565819861432 0.03538461538461538 0.053117782909930716
0 0.6088461538461538 0.5825635103926097 0.023846153846153847 0.05196304849884527
0 0.6138461538461538 0.6506928406466512 0.02846153846153846 0.053117782909930716
0 0.6030769230769231 0.6934180138568129 0.02846153846153846 0.04157043879907621
0 0.49846153846153846 0.5739030023094688 0.026153846153846153 0.050808314087759814
0 0.5165384615384615 0.558891454965358 0.026153846153846153 0.042725173210161664
0 0.4815384615384615 0.5011547344110855 0.026153846153846153 0.04387990762124711
0 0.4726923076923077 0.5548498845265589 0.025384615384615384 0.04734411085450346
0 0.5107692307692308 0.5946882217090069 0.024615384615384615 0.050808314087759814
0 0.5192307692307693 0.424364896073903 0.025384615384615384 0.04387990762124711
0 0.5357692307692308 0.44341801385681295 0.023076923076923078 0.03117782909930716
0 0.5546153846153846 0.4445727482678984 0.026153846153846153 0.04157043879907621
0 0.4480769230769231 0.35854503464203236 0.022307692307692306 0.03579676674364896
0 0.4288461538461538 0.40877598152424943 0.026153846153846153 0.04503464203233257
0 0.41115384615384615 0.42725173210161665 0.03230769230769231 0.05889145496535797
0 0.5026923076923077 0.6818706697459584 0.03 0.04041570438799076
0 0.35423076923076924 0.41628175519630484 0.02846153846153846 0.05658198614318707
0 0.33615384615384614 0.4676674364896074 0.03076923076923077 0.046189376443418015
0 0.36615384615384616 0.5005773672055427 0.022307692307692306 0.046189376443418015
0 0.3446153846153846 0.5086605080831409 0.025384615384615384 0.053117782909930716
0 0.3223076923076923 0.5017321016166282 0.026923076923076925 0.053117782909930716
0 0.225 0.48729792147806006 0.023076923076923078 0.05196304849884527
0 0.21307692307692308 0.5213625866050808 0.025384615384615384 0.04849884526558892
0 0.22423076923076923 0.43187066974595845 0.02923076923076923 0.028868360277136258
0 0.2230769230769231 0.40993071593533487 0.03076923076923077 0.03002309468822171
0 0.16346153846153846 0.4128175519630485 0.02846153846153846 0.04503464203233257
0 0.29423076923076924 0.5646651270207852 0.024615384615384615 0.049653579676674366
0 0.3253846153846154 0.5513856812933026 0.026923076923076925 0.050808314087759814
0 0.2703846153846154 0.5098152424942263 0.03 0.05196304849884527
0 0.2676923076923077 0.5964203233256351 0.026923076923076925 0.05542725173210162
0 0.2326923076923077 0.558891454965358 0.021538461538461538 0.04041570438799076
0 0.38576923076923075 0.6772517321016166 0.03 0.05658198614318707
0 0.30846153846153845 0.6131639722863741 0.024615384615384615 0.04387990762124711
0 0.33192307692307693 0.6160508083140878 0.01769230769230769 0.03810623556581986
0 0.1973076923076923 0.6195150115473441 0.022307692307692306 0.03810623556581986
0 0.2373076923076923 0.7084295612009238 0.019230769230769232 0.03348729792147806
0 0.27307692307692305 0.8729792147806005 0.03076923076923077 0.057736720554272515
0 0.2653846153846154 0.9509237875288684 0.03307692307692308 0.06235565819861432
0 0.4 0.8683602771362586 0.027692307692307693 0.05542725173210162
0 0.34923076923076923 0.9151270207852193 0.025384615384615384 0.04157043879907621
0 0.21423076923076922 0.9670900692840647 0.03769230769230769 0.05658198614318707
