0 0.478125 0.17864583333333334 0.09921875 0.13125
0 0.659375 0.04895833333333333 0.0625 0.08125
0 0.72890625 0.07135416666666666 0.04921875 0.10416666666666667
0 0.766015625 0.11458333333333333 0.053125 0.08020833333333334
0 0.778515625 0.16927083333333334 0.03984375 0.04895833333333333
0 0.768359375 0.03177083333333333 0.02265625 0.03854166666666667
0 0.736328125 0.22708333333333333 0.0625 0.109375
0 0.953515625 0.265625 0.0578125 0.084375
0 0.6703125 0.34270833333333334 0.04375 0.0875
0 0.685546875 0.4484375 0.06328125 0.06770833333333333
0 0.744140625 0.4015625 0.07265625 0.06770833333333333
0 0.779296875 0.46770833333333334 0.0734375 0.090625
0 0.653125 0.48020833333333335 0.0453125 0.07708333333333334
0 0.786328125 0.24010416666666667 0.04140625 0.08020833333333334
0 0.959375 0.42916666666666664 0.0390625 0.04791666666666667
0 0.794140625 0.5609375 0.07890625 0.09895833333333333
0 0.813671875 0.6442708333333333 0.07109375 0.09895833333333333
0 0.449609375 0.8348958333333333 0.06796875 0.13020833333333334
0 0.387890625 0.8619791666666666 0.06484375 0.10104166666666667
0 0.411328125 0.525 0.075 0.115625
0 0.36484375 0.5875 0.078125 0.12291666666666666
0 0.467578125 0.7182291666666667 0.08046875 0.11354166666666667
0 0.499609375 0.6916666666666667 0.0625 0.090625
0 0.295703125 0.08020833333333334 0.053125 0.09270833333333334
