0 0.3116319444444444 0.06770833333333333 0.03298611111111111 0.059895833333333336
0 0.3498263888888889 0.08984375 0.027777777777777776 0.06510416666666667
0 0.6714409722222222 0.109375 0.03819444444444445 0.06640625
0 0.6532118055555556 0.11458333333333333 0.034722222222222224 0.07161458333333333
0 0.5078125 0.23372395833333334 0.042534722222222224 0.06770833333333333
0 0.4856770833333333 0.18815104166666666 0.03211805555555555 0.061197916666666664
0 0.2552083333333333 0.15364583333333334 0.03298611111111111 0.057291666666666664
0 0.30078125 0.197265625 0.030381944444444444 0.05859375
0 0.23307291666666666 0.18489583333333334 0.024305555555555556 0.053385416666666664
0 0.20442708333333334 0.22721354166666666 0.035590277777777776 0.05859375
0 0.25 0.2760416666666667 0.022569444444444444 0.057291666666666664
0 0.3420138888888889 0.2916666666666667 0.034722222222222224 0.06510416666666667
0 0.4609375 0.22721354166666666 0.0234375 0.059895833333333336
0 0.4175347222222222 0.35546875 0.027777777777777776 0.057291666666666664
0 0.7473958333333334 0.23763020833333334 0.03732638888888889 0.07291666666666667
0 0.9075520833333334 0.20247395833333334 0.035590277777777776 0.06640625
0 0.6857638888888888 0.2805989583333333 0.035590277777777776 0.057291666666666664
0 0.05164930555555555 0.2858072916666667 0.030381944444444444 0.045572916666666664
0 0.017795138888888888 0.26953125 0.026041666666666668 0.053385416666666664
0 0.018663194444444444 0.22526041666666666 0.03125 0.055989583333333336
0 0.038628472222222224 0.13411458333333334 0.027777777777777776 0.045572916666666664
0 0.08854166666666667 0.314453125 0.035590277777777776 0.057291666666666664
0 0.1189236111111111 0.3287760416666667 0.03211805555555555 0.049479166666666664
0 0.040364583333333336 0.5149739583333334 0.03211805555555555 0.055989583333333336
0 0.1323784722222222 0.5481770833333334 0.041666666666666664 0.07682291666666667
0 0.19401041666666666 0.599609375 0.035590277777777776 0.06901041666666667
0 0.2638888888888889 0.5423177083333334 0.04774305555555555 0.06770833333333333
0 0.3776041666666667 0.5162760416666666 0.035590277777777776 0.09114583333333333
0 0.296875 0.5885416666666666 0.03993055555555555 0.06510416666666667
0 0.23307291666666666 0.7200520833333334 0.026041666666666668 0.06640625
0 0.203125 0.7115885416666666 0.03732638888888889 0.08854166666666667
0 0.3454861111111111 0.7259114583333334 0.04079861111111111 0.08333333333333333
0 0.3806423611111111 0.7473958333333334 0.03993055555555555 0.07421875
0 0.2204861111111111 0.8509114583333334 0.030381944444444444 0.06510416666666667
0 0.2703993055555556 0.9290364583333334 0.03732638888888889 0.07161458333333333
0 0.34765625 0.9147135416666666 0.028645833333333332 0.06901041666666667
0 0.5112847222222222 0.8307291666666666 0.03819444444444445 0.08854166666666667
0 0.5755208333333334 0.9765625 0.04513888888888889 0.057291666666666664
0 0.6414930555555556 0.9322916666666666 0.03298611111111111 0.08854166666666667
0 0.6657986111111112 0.9186197916666666 0.03732638888888889 0.078125
0 0.6610243055555556 0.8444010416666666 0.04600694444444445 0.07942708333333333
0 0.6384548611111112 0.75 0.046875 0.09765625
0 0.5763888888888888 0.7298177083333334 0.04079861111111111 0.07552083333333333
0 0.5438368055555556 0.67578125 0.043402777777777776 0.09505208333333333
0 0.4214409722222222 0.5677083333333334 0.022569444444444444 0.05859375
0 0.5355902777777778 0.6139322916666666 0.044270833333333336 0.0703125
0 0.5416666666666666 0.5709635416666666 0.042534722222222224 0.0703125
0 0.6050347222222222 0.4778645833333333 0.03819444444444445 0.078125
0 0.5794270833333334 0.3990885416666667 0.04600694444444445 0.07942708333333333
0 0.5551215277777778 0.341796875 0.04600694444444445 0.061197916666666664
0 0.6462673611111112 0.4127604166666667 0.03298611111111111 0.07942708333333333
0 0.7595486111111112 0.3665364583333333 0.028645833333333332 0.06510416666666667
0 0.7339409722222222 0.3483072916666667 0.033854166666666664 0.06380208333333333
0 0.6961805555555556 0.330078125 0.033854166666666664 0.049479166666666664
0 0.7078993055555556 0.4915364583333333 0.04079861111111111 0.08203125
0 0.7369791666666666 0.4466145833333333 0.03298611111111111 0.057291666666666664
0 0.8376736111111112 0.380859375 0.042534722222222224 0.0703125
0 0.8263888888888888 0.4557291666666667 0.043402777777777776 0.06770833333333333
0 0.7651909722222222 0.6497395833333334 0.04513888888888889 0.07161458333333333
0 0.8025173611111112 0.6783854166666666 0.046875 0.06901041666666667
0 0.8580729166666666 0.80859375 0.050347222222222224 0.09244791666666667
