0 0.5693359375 0.033185840707964605 0.0205078125 0.038348082595870206
0 0.0166015625 0.36578171091445427 0.0234375 0.035398230088495575
0 0.76806640625 0.10029498525073746 0.025390625 0.045722713864306784
0 0.73291015625 0.15781710914454278 0.025390625 0.03687315634218289
0 0.70849609375 0.1887905604719764 0.021484375 0.03982300884955752
0 0.94091796875 0.35766961651917406 0.0166015625 0.03687315634218289
0 0.36865234375 0.3274336283185841 0.0234375 0.03392330383480826
0 0.32861328125 0.4446902654867257 0.0263671875 0.04277286135693215
0 0.3515625 0.46755162241887904 0.0234375 0.04424778761061947
0 0.416015625 0.4808259587020649 0.0234375 0.04424778761061947
0 0.396484375 0.474188790560472 0.0205078125 0.038348082595870206
0 0.296875 0.4690265486725664 0.0234375 0.038348082595870206
0 0.1845703125 0.47935103244837757 0.021484375 0.0471976401179941
0 0.45166015625 0.37905604719764013 0.01953125 0.03392330383480826
0 0.63037109375 0.39823008849557523 0.021484375 0.04277286135693215
0 0.650390625 0.40634218289085544 0.0244140625 0.04129793510324484
0 0.71923828125 0.35103244837758113 0.01953125 0.030973451327433628
0 0.5419921875 0.47271386430678464 0.0224609375 0.04424778761061947
0 0.576171875 0.4491150442477876 0.0224609375 0.04129793510324484
0 0.7353515625 0.41519174041297935 0.0224609375 0.032448377581120944
0 0.56201171875 0.5634218289085545 0.01953125 0.03687315634218289
0 0.59130859375 0.5648967551622419 0.025390625 0.045722713864306784
0 0.6591796875 0.5715339233038348 0.0263671875 0.04129793510324484
0 0.77001953125 0.525811209439528 0.0185546875 0.04277286135693215
0 0.7431640625 0.5309734513274337 0.017578125 0.04424778761061947
0 0.7578125 0.5368731563421829 0.01953125 0.038348082595870206
0 0.75634765625 0.5803834808259587 0.0244140625 0.03982300884955752
0 0.59619140625 0.612094395280236 0.0234375 0.04277286135693215
0 0.68359375 0.5973451327433629 0.025390625 0.038348082595870206
0 0.70458984375 0.6769911504424779 0.025390625 0.04277286135693215
0 0.71826171875 0.6467551622418879 0.0263671875 0.03687315634218289
0 0.41259765625 0.6010324483775811 0.0224609375 0.03687315634218289
0 0.36083984375 0.6828908554572272 0.025390625 0.03687315634218289
0 0.37646484375 0.7087020648967551 0.0263671875 0.03982300884955752
0 0.23828125 0.7514749262536873 0.0244140625 0.038348082595870206
0 0.20068359375 0.773598820058997 0.0263671875 0.03392330383480826
0 0.4677734375 0.7300884955752213 0.025390625 0.038348082595870206
0 0.49462890625 0.7448377581120944 0.0234375 0.03687315634218289
0 0.82373046875 0.700589970501475 0.0234375 0.03982300884955752
0 0.73876953125 0.754424778761062 0.0244140625 0.03982300884955752
0 0.68798828125 0.7433628318584071 0.025390625 0.03687315634218289
0 0.69140625 0.7035398230088495 0.0234375 0.035398230088495575
0 0.48828125 0.7935103244837758 0.029296875 0.038348082595870206
0 0.830078125 0.7662241887905604 0.0263671875 0.05014749262536873
0 0.20361328125 0.9432153392330384 0.0244140625 0.051622418879056046
0 0.06005859375 0.7809734513274337 0.0341796875 0.05457227138643068
