0 0.045384615384615384 0.9232101616628176 0.023846153846153847 0.03464203233256351
0 0.06538461538461539 0.9087759815242494 0.024615384615384615 0.04849884526558892
0 0.11461538461538462 0.8643187066974596 0.023846153846153847 0.04157043879907621
0 0.09076923076923077 0.8637413394919169 0.023076923076923078 0.04157043879907621
0 0.07461538461538461 0.8383371824480369 0.021538461538461538 0.03464203233256351
0 0.19346153846153846 0.7788683602771362 0.025384615384615384 0.04503464203233257
0 0.21807692307692308 0.7823325635103926 0.019230769230769232 0.04041570438799076
0 0.22 0.8978060046189377 0.022307692307692306 0.03002309468822171
0 0.1753846153846154 0.871824480369515 0.02 0.025404157043879907
0 0.027692307692307693 0.6980369515011547 0.02076923076923077 0.03233256351039261
0 0.04384615384615385 0.6674364896073903 0.026153846153846153 0.04849884526558892
0 0.10615384615384615 0.5236720554272517 0.025384615384615384 0.03695150115473441
0 0.145 0.5225173210161663 0.026923076923076925 0.04734411085450346
0 0.2123076923076923 0.5975750577367206 0.023846153846153847 0.03695150115473441
0 0.23384615384615384 0.5814087759815243 0.023846153846153847 0.03464203233256351
0 0.21615384615384614 0.6818706697459584 0.02076923076923077 0.04157043879907621
0 0.26269230769230767 0.7407621247113164 0.026923076923076925 0.028868360277136258
0 0.27807692307692305 0.7228637413394919 0.023076923076923078 0.03117782909930716
0 0.008461538461538461 0.6778290993071594 0.018461538461538463 0.025404157043879907
0 0.4026923076923077 0.8891454965357968 0.013846153846153847 0.021939953810623556
0 0.41884615384615387 0.9058891454965358 0.014615384615384615 0.021939953810623556
0 0.41807692307692307 0.9399538106235565 0.013846153846153847 0.02424942263279446
0 0.43 0.9324480369515011 0.016153846153846154 0.025404157043879907
0 0.3726923076923077 0.7881062355658198 0.013076923076923076 0.021939953810623556
0 0.4276923076923077 0.7834872979214781 0.013076923076923076 0.02771362586605081
0 0.43884615384615383 0.7846420323325635 0.013076923076923076 0.02424942263279446
0 0.4573076923076923 0.7765588914549654 0.014615384615384615 0.021939953810623556
0 0.4869230769230769 0.8008083140877598 0.016153846153846154 0.02771362586605081
0 0.48923076923076925 0.8227482678983834 0.014615384615384615 0.03002309468822171
0 0.35307692307692307 0.7372979214780601 0.011538461538461539 0.023094688221709007
0 0.36538461538461536 0.7349884526558892 0.013076923076923076 0.02771362586605081
0 0.5111538461538462 0.7944572748267898 0.015384615384615385 0.03117782909930716
0 0.57 0.7863741339491916 0.015384615384615385 0.023094688221709007
0 0.5842307692307692 0.7892609699769053 0.014615384615384615 0.02424942263279446
0 0.6038461538461538 0.7834872979214781 0.014615384615384615 0.03002309468822171
0 0.6184615384615385 0.7661662817551963 0.014615384615384615 0.03233256351039261
0 0.5915384615384616 0.7424942263279446 0.013846153846153847 0.02771362586605081
0 0.5957692307692307 0.7575057736720554 0.013846153846153847 0.02424942263279446
0 0.5615384615384615 0.7777136258660509 0.01 0.018475750577367205
0 0.5665384615384615 0.7650115473441108 0.011538461538461539 0.019630484988452657
0 0.5465384615384615 0.6887990762124712 0.016153846153846154 0.026558891454965358
0 0.5473076923076923 0.6645496535796767 0.014615384615384615 0.017321016166281754
0 0.6046153846153847 0.6685912240184757 0.013846153846153847 0.03002309468822171
0 0.6215384615384615 0.6939953810623557 0.012307692307692308 0.02771362586605081
0 0.6234615384615385 0.6668591224018475 0.013076923076923076 0.019630484988452657
0 0.5584615384615385 0.5946882217090069 0.013846153846153847 0.02771362586605081
0 0.5084615384615384 0.624133949191686 0.016153846153846154 0.025404157043879907
0 0.45384615384615384 0.714203233256351 0.01769230769230769 0.02771362586605081
0 0.4257692307692308 0.7032332563510393 0.018461538461538463 0.028868360277136258
0 0.4 0.6379907621247113 0.01769230769230769 0.025404157043879907
0 0.4196153846153846 0.6576212471131639 0.013076923076923076 0.03117782909930716
0 0.40923076923076923 0.6501154734411085 0.013846153846153847 0.025404157043879907
0 0.4380769230769231 0.6726327944572749 0.01769230769230769 0.03348729792147806
0 0.4411538461538462 0.6980369515011547 0.016153846153846154 0.026558891454965358
0 0.4546153846153846 0.6801385681293303 0.016923076923076923 0.025404157043879907
0 0.44346153846153846 0.628175519630485 0.012307692307692308 0.02424942263279446
0 0.46384615384615385 0.644919168591224 0.014615384615384615 0.023094688221709007
0 0.48 0.6397228637413395 0.013846153846153847 0.023094688221709007
0 0.02346153846153846 0.1351039260969977 0.015384615384615385 0.03117782909930716
0 0.023846153846153847 0.3568129330254042 0.02923076923076923 0.046189376443418015
0 0.05653846153846154 0.34699769053117785 0.026923076923076925 0.03348729792147806
0 0.11923076923076924 0.42725173210161665 0.027692307692307693 0.050808314087759814
0 0.2023076923076923 0.36316397228637415 0.019230769230769232 0.03002309468822171
0 0.21653846153846154 0.37528868360277134 0.023076923076923078 0.026558891454965358
0 0.2053846153846154 0.39260969976905313 0.018461538461538463 0.03695150115473441
0 0.10961538461538461 0.2644341801385681 0.024615384615384615 0.03579676674364896
0 0.19346153846153846 0.27136258660508084 0.023076923076923078 0.03810623556581986
0 0.23884615384615385 0.2719399538106236 0.022307692307692306 0.042725173210161664
0 0.1503846153846154 0.10392609699769054 0.026153846153846153 0.028868360277136258
0 0.17 0.16166281755196305 0.021538461538461538 0.046189376443418015
0 0.22923076923076924 0.18822170900692842 0.026153846153846153 0.04387990762124711
0 0.29846153846153844 0.2084295612009238 0.022307692307692306 0.04157043879907621
0 0.2246153846153846 0.05484988452655889 0.014615384615384615 0.03002309468822171
0 0.25346153846153846 0.050808314087759814 0.015384615384615385 0.028868360277136258
0 0.30115384615384616 0.036374133949191687 0.014615384615384615 0.03579676674364896
0 0.3780769230769231 0.03695150115473441 0.013846153846153847 0.02424942263279446
0 0.3923076923076923 0.03695150115473441 0.015384615384615385 0.03233256351039261
0 0.40923076923076923 0.21189376443418015 0.016153846153846154 0.025404157043879907
0 0.4492307692307692 0.22575057736720555 0.019230769230769232 0.03926096997690531
0 0.30153846153846153 0.28117782909930716 0.02076923076923077 0.023094688221709007
0 0.3088461538461538 0.3042725173210162 0.016153846153846154 0.03579676674364896
0 0.3038461538461538 0.37933025404157045 0.01769230769230769 0.025404157043879907
0 0.3230769230769231 0.36200923787528866 0.01769230769230769 0.03233256351039261
0 0.3203846153846154 0.4122401847575058 0.015384615384615385 0.028868360277136258
0 0.33884615384615385 0.39376443418013857 0.015384615384615385 0.02424942263279446
0 0.3392307692307692 0.4128175519630485 0.014615384615384615 0.023094688221709007
0 0.335 0.4387990762124711 0.013846153846153847 0.021939953810623556
0 0.33115384615384613 0.48325635103926096 0.01769230769230769 0.026558891454965358
0 0.4369230769230769 0.2938799076212471 0.019230769230769232 0.02771362586605081
0 0.37 0.3683602771362587 0.015384615384615385 0.025404157043879907
0 0.35192307692307695 0.3441108545034642 0.012307692307692308 0.026558891454965358
0 0.4196153846153846 0.34295612009237875 0.016923076923076923 0.026558891454965358
0 0.4126923076923077 0.31928406466512704 0.01769230769230769 0.028868360277136258
0 0.3823076923076923 0.32505773672055427 0.01769230769230769 0.023094688221709007
0 0.39884615384615385 0.32505773672055427 0.014615384615384615 0.03579676674364896
0 0.43961538461538463 0.3464203233256351 0.023076923076923078 0.021939953810623556
0 0.44961538461538464 0.36316397228637415 0.016153846153846154 0.02424942263279446
0 0.5169230769230769 0.29734411085450346 0.016153846153846154 0.03233256351039261
0 0.5646153846153846 0.3262124711316397 0.016153846153846154 0.025404157043879907
0 0.6003846153846154 0.17782909930715934 0.013846153846153847 0.02424942263279446
0 0.5903846153846154 0.19341801385681293 0.019230769230769232 0.03579676674364896
0 0.6219230769230769 0.4006928406466513 0.015384615384615385 0.019630484988452657
0 0.6384615384615384 0.39838337182448036 0.015384615384615385 0.02771362586605081
0 0.4042307692307692 0.4659353348729792 0.016153846153846154 0.03348729792147806
0 0.34307692307692306 0.49942263279445726 0.016153846153846154 0.03233256351039261
0 0.3811538461538462 0.5808314087759815 0.018461538461538463 0.03579676674364896
0 0.4003846153846154 0.5790993071593533 0.016153846153846154 0.03579676674364896
0 0.3873076923076923 0.5409930715935335 0.01769230769230769 0.02424942263279446
0 0.38884615384615384 0.4751732101616628 0.014615384615384615 0.026558891454965358
0 0.385 0.4081986143187067 0.014615384615384615 0.021939953810623556
0 0.4330769230769231 0.4682448036951501 0.013076923076923076 0.025404157043879907
0 0.4453846153846154 0.43244803695150114 0.013076923076923076 0.03002309468822171
0 0.45153846153846156 0.46709006928406466 0.014615384615384615 0.023094688221709007
0 0.5188461538461538 0.4590069284064665 0.013076923076923076 0.028868360277136258
0 0.5334615384615384 0.4780600461893764 0.016923076923076923 0.028868360277136258
0 0.5523076923076923 0.47575057736720555 0.010769230769230769 0.025404157043879907
0 0.5907692307692308 0.5184757505773672 0.012307692307692308 0.025404157043879907
0 0.5626923076923077 0.4913394919168591 0.011538461538461539 0.019630484988452657
0 0.4896153846153846 0.6033487297921478 0.013076923076923076 0.028868360277136258
0 0.42615384615384616 0.5028868360277137 0.011538461538461539 0.025404157043879907
0 0.4653846153846154 0.5306004618937644 0.014615384615384615 0.03002309468822171
0 0.4453846153846154 0.5404157043879908 0.013846153846153847 0.025404157043879907
0 0.47423076923076923 0.5612009237875288 0.013846153846153847 0.019630484988452657
0 0.4819230769230769 0.5750577367205543 0.012307692307692308 0.019630484988452657
0 0.505 0.5710161662817552 0.01769230769230769 0.02424942263279446
