0 0.5490909090909091 0.05191256830601093 0.04727272727272727 0.07650273224043716
0 0.7963636363636364 0.1885245901639344 0.04727272727272727 0.07650273224043716
0 0.8418181818181818 0.17486338797814208 0.03636363636363636 0.07103825136612021
0 0.5418181818181819 0.2185792349726776 0.04363636363636364 0.08743169398907104
0 0.6781818181818182 0.15300546448087432 0.04363636363636364 0.060109289617486336
0 0.6690909090909091 0.1912568306010929 0.03636363636363636 0.06557377049180328
0 0.48545454545454547 0.36065573770491804 0.05090909090909091 0.09289617486338798
0 0.5418181818181819 0.42349726775956287 0.04727272727272727 0.07650273224043716
0 0.6745454545454546 0.30601092896174864 0.03636363636363636 0.07103825136612021
0 0.84 0.32786885245901637 0.04363636363636364 0.08743169398907104
0 0.8745454545454545 0.26229508196721313 0.03636363636363636 0.08196721311475409
0 0.7618181818181818 0.44808743169398907 0.05090909090909091 0.08196721311475409
0 0.8290909090909091 0.4726775956284153 0.04727272727272727 0.08743169398907104
0 0.9672727272727273 0.5191256830601093 0.03636363636363636 0.07650273224043716
0 0.6509090909090909 0.6202185792349727 0.04 0.08743169398907104
0 0.5454545454545454 0.6338797814207651 0.04363636363636364 0.07650273224043716
0 0.5290909090909091 0.7759562841530054 0.03636363636363636 0.08196721311475409
0 0.4254545454545455 0.8961748633879781 0.03636363636363636 0.06557377049180328
0 0.48 0.8524590163934426 0.03636363636363636 0.08743169398907104
0 0.5163636363636364 0.9289617486338798 0.05090909090909091 0.08743169398907104
0 0.649090909090909 0.73224043715847 0.02909090909090909 0.07103825136612021
0 0.6927272727272727 0.7076502732240437 0.04 0.07103825136612021
0 0.7581818181818182 0.7868852459016393 0.04363636363636364 0.09289617486338798
0 0.6836363636363636 0.8770491803278688 0.04 0.06557377049180328
0 0.7654545454545455 0.5382513661202186 0.04727272727272727 0.060109289617486336
0 0.5654545454545454 0.34153005464480873 0.04 0.07103825136612021
0 0.5909090909090909 0.18579234972677597 0.03636363636363636 0.07103825136612021
0 0.92 0.4918032786885246 0.03636363636363636 0.06557377049180328
0 0.9927272727272727 0.38524590163934425 0.03272727272727273 0.07650273224043716
