0 0.029296875 0.9609375 0.046875 0.052083333333333336
0 0.05126953125 0.9186197916666666 0.0380859375 0.05859375
0 0.01611328125 0.9075520833333334 0.015625 0.04296875
0 0.22314453125 0.720703125 0.0283203125 0.045572916666666664
0 0.2568359375 0.7194010416666666 0.0419921875 0.059895833333333336
0 0.27490234375 0.6861979166666666 0.033203125 0.03515625
0 0.32763671875 0.7389322916666666 0.0302734375 0.06901041666666667
0 0.29150390625 0.7955729166666666 0.04296875 0.07421875
0 0.2958984375 0.8717447916666666 0.0380859375 0.06770833333333333
0 0.271484375 0.8763020833333334 0.03515625 0.06510416666666667
0 0.32958984375 0.8639322916666666 0.0263671875 0.06640625
0 0.36962890625 0.8834635416666666 0.0322265625 0.05859375
0 0.431640625 0.8515625 0.033203125 0.0390625
0 0.4208984375 0.7877604166666666 0.046875 0.0546875
0 0.396484375 0.7265625 0.03515625 0.041666666666666664
0 0.33447265625 0.5006510416666666 0.0478515625 0.061197916666666664
0 0.39990234375 0.60546875 0.05859375 0.07942708333333333
0 0.4384765625 0.578125 0.044921875 0.06510416666666667
0 0.46533203125 0.6256510416666666 0.0556640625 0.07682291666666667
0 0.5458984375 0.6438802083333334 0.0498046875 0.078125
0 0.50537109375 0.7526041666666666 0.052734375 0.07942708333333333
0 0.5380859375 0.82421875 0.05078125 0.0703125
0 0.65380859375 0.8157552083333334 0.0478515625 0.07942708333333333
0 0.623046875 0.7623697916666666 0.0537109375 0.0703125
0 0.74560546875 0.7779947916666666 0.0478515625 0.07161458333333333
0 0.6826171875 0.7213541666666666 0.044921875 0.07552083333333333
0 0.75 0.6940104166666666 0.046875 0.0703125
0 0.767578125 0.6399739583333334 0.0537109375 0.0703125
0 0.6689453125 0.66015625 0.060546875 0.08072916666666667
0 0.626953125 0.658203125 0.0341796875 0.057291666666666664
0 0.640625 0.6022135416666666 0.0419921875 0.0625
0 0.7099609375 0.5305989583333334 0.0224609375 0.07291666666666667
0 0.67236328125 0.5384114583333334 0.0400390625 0.06640625
0 0.76123046875 0.533203125 0.0498046875 0.08723958333333333
0 0.76904296875 0.4283854166666667 0.044921875 0.07161458333333333
0 0.9794921875 0.591796875 0.0458984375 0.06770833333333333
0 0.97900390625 0.5436197916666666 0.0478515625 0.07161458333333333
0 0.96240234375 0.4186197916666667 0.0498046875 0.08203125
0 0.84716796875 0.4140625 0.044921875 0.05859375
0 0.56298828125 0.330078125 0.0537109375 0.08723958333333333
0 0.51953125 0.3626302083333333 0.0400390625 0.07291666666666667
0 0.59521484375 0.201171875 0.0615234375 0.07161458333333333
0 0.71240234375 0.20963541666666666 0.048828125 0.07942708333333333
0 0.6376953125 0.205078125 0.0517578125 0.06510416666666667
0 0.775390625 0.21744791666666666 0.046875 0.057291666666666664
0 0.78662109375 0.2682291666666667 0.05078125 0.07682291666666667
0 0.8232421875 0.3229166666666667 0.03515625 0.049479166666666664
0 0.853515625 0.3600260416666667 0.0380859375 0.0625
0 0.98291015625 0.3274739583333333 0.0478515625 0.08203125
0 0.91015625 0.2799479166666667 0.046875 0.08333333333333333
0 0.95751953125 0.26953125 0.0546875 0.08984375
0 0.984375 0.19270833333333334 0.048828125 0.08854166666666667
0 0.96240234375 0.11588541666666667 0.052734375 0.08463541666666667
0 0.9326171875 0.095703125 0.0517578125 0.08333333333333333
0 0.8837890625 0.1171875 0.05078125 0.08072916666666667
0 0.8330078125 0.12825520833333334 0.0302734375 0.0625
0 0.857421875 0.11328125 0.03125 0.06770833333333333
0 0.8955078125 0.18619791666666666 0.046875 0.08072916666666667
0 0.8291015625 0.08919270833333333 0.0517578125 0.049479166666666664
0 0.794921875 0.0390625 0.05859375 0.0625
0 0.36669921875 0.16927083333333334 0.037109375 0.061197916666666664
0 0.3818359375 0.13736979166666666 0.0478515625 0.057291666666666664
0 0.50048828125 0.061848958333333336 0.0498046875 0.07161458333333333
0 0.63037109375 0.12174479166666667 0.0498046875 0.061197916666666664
0 0.6005859375 0.080078125 0.0341796875 0.06770833333333333
