0 0.032421875 0.28194607268464245 0.06171875 0.09261430246189918
0 0.113671875 0.4384525205158265 0.0671875 0.08323563892145369
0 0.0796875 0.335873388042204 0.06015625 0.08440797186400938
0 0.0421875 0.3669402110199297 0.046875 0.10785463071512309
0 0.1671875 0.3710433763188746 0.03515625 0.08440797186400938
0 0.18125 0.46248534583821804 0.04765625 0.0984759671746776
0 0.1484375 0.5052754982415005 0.0546875 0.12192262602579132
0 0.082421875 0.5169988276670574 0.059375 0.09261430246189918
0 0.09375 0.42262602579132474 0.03515625 0.07971864009378664
0 0.01484375 0.03751465416178194 0.05 0.03985932004689332
0 0.036328125 0.09026963657678781 0.05625 0.0738569753810082
0 0.018359375 0.14419695193434937 0.034375 0.05509964830011723
0 0.083203125 0.12602579132473624 0.04140625 0.09261430246189918
0 0.158203125 0.07620164126611957 0.0515625 0.10433763188745604
0 0.3015625 0.02813599062133646 0.0359375 0.044548651817116064
0 0.328125 0.05451348182883939 0.03359375 0.07033997655334115
0 0.342578125 0.22157092614302462 0.0390625 0.05275498241500586
0 0.36171875 0.2825322391559203 0.046875 0.07268464243845252
0 0.433203125 0.18757327080890973 0.0375 0.07620164126611957
0 0.543359375 0.3886283704572098 0.04609375 0.06916764361078546
0 0.5875 0.3921453692848769 0.06328125 0.07737397420867527
0 0.31015625 0.6178194607268465 0.0515625 0.09378663540445487
0 0.278125 0.7473622508792497 0.04140625 0.07502930832356389
0 0.40625 0.720398593200469 0.05390625 0.0914419695193435
0 0.4609375 0.727432590855803 0.05390625 0.07033997655334115
0 0.426171875 0.5679953106682297 0.05546875 0.10668229777256741
0 0.469921875 0.5832356389214537 0.06640625 0.0738569753810082
0 0.521875 0.6008206330597889 0.04921875 0.08440797186400938
0 0.500390625 0.6441969519343493 0.04765625 0.07854630715123095
0 0.538671875 0.5955451348182884 0.0609375 0.07854630715123095
0 0.639453125 0.7092614302461899 0.04375 0.07854630715123095
0 0.60078125 0.5041031652989449 0.0375 0.07737397420867527
0 0.68984375 0.5580304806565064 0.046875 0.08909730363423213
0 0.70859375 0.4753810082063306 0.03984375 0.04689331770222743
0 0.741015625 0.5281359906213364 0.04140625 0.06213364595545135
0 0.5890625 0.44958968347010553 0.04765625 0.06799531066822978
0 0.52421875 0.5504103165298945 0.05078125 0.0492379835873388
0 0.5390625 0.45076201641266117 0.04765625 0.05627198124267292
0 0.4296875 0.854630715123095 0.0421875 0.08909730363423213
0 0.37890625 0.9443141852286049 0.04453125 0.07971864009378664
0 0.3265625 0.8851113716295428 0.028125 0.06096131301289566
0 0.297265625 0.8868698710433763 0.03046875 0.0668229777256741
0 0.5546875 0.727432590855803 0.04296875 0.06330597889800703
0 0.49140625 0.7637749120750293 0.03515625 0.053927315357561546
0 0.4625 0.8018757327080891 0.034375 0.06096131301289566
