0 0.3815625 0.08541666666666667 0.040625 0.0475
0 0.358125 0.06041666666666667 0.055625 0.05333333333333334
0 0.4165625 0.035416666666666666 0.034375 0.04583333333333333
0 0.3934375 0.12041666666666667 0.051875 0.07083333333333333
0 0.3809375 0.14875 0.044375 0.06583333333333333
0 0.48 0.03625 0.045625 0.06333333333333334
0 0.4515625 0.07458333333333333 0.051875 0.059166666666666666
0 0.4528125 0.18916666666666668 0.05375 0.06583333333333333
0 0.5053125 0.25166666666666665 0.04375 0.0625
0 0.5371875 0.20833333333333334 0.035 0.0575
0 0.5653125 0.21083333333333334 0.04125 0.059166666666666666
0 0.5728125 0.16708333333333333 0.051875 0.06416666666666666
0 0.5865625 0.11333333333333333 0.04125 0.0625
0 0.565 0.0675 0.0575 0.056666666666666664
0 0.615 0.0725 0.03625 0.06833333333333333
0 0.6309375 0.12416666666666666 0.0425 0.0475
0 0.6340625 0.045 0.0375 0.0425
0 0.4740625 0.29541666666666666 0.038125 0.05583333333333333
0 0.683125 0.2275 0.05375 0.08
0 0.69625 0.32166666666666666 0.0475 0.06833333333333333
0 0.728125 0.3145833333333333 0.048125 0.04666666666666667
0 0.60625 0.3933333333333333 0.0325 0.055
0 0.5746875 0.3925 0.03 0.0375
0 0.540625 0.38416666666666666 0.0275 0.043333333333333335
0 0.5009375 0.41583333333333333 0.03625 0.050833333333333335
0 0.543125 0.4558333333333333 0.03 0.04666666666666667
0 0.5709375 0.33125 0.024375 0.0375
0 0.6203125 0.31875 0.023125 0.030833333333333334
0 0.6184375 0.35041666666666665 0.026875 0.035833333333333335
0 0.640625 0.33958333333333335 0.024375 0.03833333333333333
0 0.6578125 0.3541666666666667 0.03125 0.04583333333333333
0 0.5678125 0.41083333333333333 0.02375 0.04583333333333333
0 0.4128125 0.48 0.04 0.049166666666666664
0 0.45125 0.51375 0.036875 0.051666666666666666
0 0.49375 0.49833333333333335 0.03375 0.05333333333333334
0 0.4796875 0.4454166666666667 0.026875 0.03916666666666667
0 0.5346875 0.4970833333333333 0.036875 0.060833333333333336
0 0.5190625 0.455 0.02875 0.034166666666666665
0 0.6059375 0.5316666666666666 0.05125 0.06416666666666666
0 0.5946875 0.5041666666666667 0.04375 0.03916666666666667
0 0.5646875 0.54625 0.028125 0.035833333333333335
0 0.5453125 0.58 0.0275 0.0275
0 0.58 0.5825 0.02875 0.028333333333333332
0 0.5665625 0.6266666666666667 0.03875 0.07083333333333333
0 0.7025 0.6345833333333334 0.043125 0.06
0 0.6265625 0.67375 0.040625 0.07583333333333334
0 0.5890625 0.7254166666666667 0.025625 0.0425
0 0.595 0.7645833333333333 0.029375 0.051666666666666666
0 0.5546875 0.7079166666666666 0.040625 0.0675
0 0.53875 0.7604166666666666 0.041875 0.07
0 0.5590625 0.82625 0.040625 0.07416666666666667
0 0.6125 0.8333333333333334 0.0325 0.041666666666666664
0 0.6265625 0.8679166666666667 0.025625 0.04416666666666667
0 0.6075 0.8704166666666666 0.020625 0.03833333333333333
0 0.57875 0.9025 0.02875 0.04666666666666667
0 0.5965625 0.85875 0.024375 0.03916666666666667
0 0.6465625 0.9108333333333334 0.02625 0.049166666666666664
0 0.635625 0.9516666666666667 0.03875 0.05333333333333334
0 0.6925 0.88375 0.038125 0.058333333333333334
0 0.676875 0.84625 0.038125 0.045
0 0.644375 0.7558333333333334 0.045 0.07333333333333333
0 0.69875 0.75875 0.049375 0.08333333333333333
0 0.7278125 0.69 0.03625 0.06916666666666667
0 0.761875 0.6816666666666666 0.0525 0.056666666666666664
0 0.843125 0.6941666666666667 0.05 0.058333333333333334
0 0.8696875 0.7316666666666667 0.0525 0.0625
0 0.8534375 0.76 0.04 0.0575
0 0.820625 0.7370833333333333 0.035625 0.04833333333333333
0 0.823125 0.765 0.045 0.08666666666666667
0 0.7925 0.7229166666666667 0.038125 0.056666666666666664
0 0.775625 0.8283333333333334 0.04125 0.056666666666666664
0 0.749375 0.7841666666666667 0.04375 0.06666666666666667
0 0.7340625 0.8858333333333334 0.0475 0.08416666666666667
0 0.7715625 0.8741666666666666 0.03 0.05416666666666667
0 0.8034375 0.8766666666666667 0.03875 0.0675
0 0.829375 0.8441666666666666 0.03375 0.08
0 0.859375 0.86375 0.048125 0.08166666666666667
0 0.9040625 0.97375 0.034375 0.049166666666666664
0 0.9978125 0.775 0.0225 0.05416666666666667
0 0.0565625 0.61 0.045 0.07916666666666666
0 0.1359375 0.5741666666666667 0.05125 0.06583333333333333
0 0.1225 0.5379166666666667 0.043125 0.075
0 0.100625 0.6241666666666666 0.0425 0.055
0 0.0759375 0.6604166666666667 0.056875 0.0575
0 0.1825 0.6204166666666666 0.041875 0.08
0 0.1425 0.6758333333333333 0.0525 0.06
0 0.165 0.705 0.04375 0.05333333333333334
0 0.23625 0.6045833333333334 0.051875 0.06333333333333334
0 0.2871875 0.6608333333333334 0.04 0.0825
0 0.318125 0.6241666666666666 0.05 0.07833333333333334
0 0.225 0.7229166666666667 0.043125 0.07666666666666666
0 0.1859375 0.7554166666666666 0.046875 0.0825
0 0.0875 0.8579166666666667 0.028125 0.05
0 0.0471875 0.87125 0.033125 0.0475
0 0.356875 0.7075 0.0375 0.058333333333333334
0 0.3178125 0.7775 0.04125 0.0775
0 0.2971875 0.74125 0.026875 0.04083333333333333
0 0.295 0.7954166666666667 0.038125 0.07
0 0.329375 0.8504166666666667 0.029375 0.058333333333333334
0 0.3553125 0.8279166666666666 0.048125 0.0775
0 0.40625 0.7858333333333334 0.045 0.08666666666666667
0 0.4415625 0.7416666666666667 0.04875 0.06416666666666666
0 0.431875 0.7075 0.04 0.058333333333333334
0 0.0684375 0.83125 0.028125 0.030833333333333334
0 0.1825 0.9879166666666667 0.046875 0.043333333333333335
0 0.214375 0.9345833333333333 0.024375 0.041666666666666664
0 0.294375 0.9283333333333333 0.03125 0.045
0 0.2534375 0.9595833333333333 0.036875 0.0475
0 0.35625 0.9320833333333334 0.040625 0.065
0 0.454375 0.8833333333333333 0.03875 0.05333333333333334
