0 0.4510989010989011 0.25164835164835164 0.07142857142857142 0.07692307692307693
0 0.512087912087912 0.24652014652014653 0.056043956043956046 0.063003663003663
0 0.5538461538461539 0.26886446886446885 0.07692307692307693 0.0673992673992674
0 0.8631868131868132 0.36666666666666664 0.08901098901098901 0.08864468864468865
0 1.0021978021978022 0.2608058608058608 0.05714285714285714 0.07912087912087912
0 0.9653846153846154 0.34945054945054943 0.08571428571428572 0.08131868131868132
0 1.0027472527472527 0.11282051282051282 0.06593406593406594 0.09157509157509157
0 0.9747252747252747 0.4197802197802198 0.08351648351648351 0.07912087912087912
0 0.9642857142857143 0.5007326007326007 0.09340659340659341 0.07692307692307693
0 0.44175824175824174 0.49047619047619045 0.1043956043956044 0.08498168498168499
0 0.6368131868131868 0.5336996336996337 0.06263736263736264 0.06373626373626373
0 0.1901098901098901 0.5373626373626373 0.11538461538461539 0.06153846153846154
0 0.5 0.5871794871794872 0.07362637362637363 0.063003663003663
0 0.06208791208791209 0.6505494505494506 0.08571428571428572 0.07692307692307693
0 0.3302197802197802 0.7465201465201465 0.09010989010989011 0.08717948717948718
0 0.2725274725274725 0.7366300366300367 0.0956043956043956 0.06153846153846154
0 0.5752747252747252 0.6098901098901099 0.10659340659340659 0.04908424908424908
0 0.7835164835164835 0.4597069597069597 0.07142857142857142 0.06886446886446887
