0 0.2023076923076923 0.1456908344733242 0.03307692307692308 0.06566347469220246
0 0.23692307692307693 0.1908344733242134 0.025384615384615384 0.06566347469220246
0 0.09653846153846155 0.15321477428180574 0.024615384615384615 0.04240766073871409
0 0.25884615384615384 0.1347469220246238 0.031538461538461536 0.047879616963064295
0 0.31384615384615383 0.11354309165526676 0.03230769230769231 0.05198358413132695
0 0.34076923076923077 0.21135430916552667 0.03 0.05471956224350205
0 0.40576923076923077 0.2872777017783858 0.033846153846153845 0.0533515731874145
0 0.39576923076923076 0.5410396716826266 0.026923076923076925 0.04514363885088919
0 0.2903846153846154 0.56703146374829 0.025384615384615384 0.058823529411764705
0 0.23307692307692307 0.6532147742818057 0.026923076923076925 0.060191518467852256
0 0.2469230769230769 0.6532147742818057 0.023846153846153847 0.04377564979480164
0 0.22884615384615384 0.7038303693570451 0.02076923076923077 0.04514363885088919
0 0.21576923076923077 0.70109439124487 0.022307692307692306 0.06155950752393981
0 0.305 0.6634746922024624 0.018461538461538463 0.0506155950752394
0 0.2903846153846154 0.6511627906976745 0.016923076923076923 0.0506155950752394
0 0.31461538461538463 0.6415868673050615 0.026153846153846153 0.046511627906976744
0 0.3242307692307692 0.6142270861833106 0.02923076923076923 0.04514363885088919
0 0.4473076923076923 0.6976744186046512 0.024615384615384615 0.058823529411764705
0 0.455 0.9466484268125855 0.03076923076923077 0.0533515731874145
0 0.5326923076923077 0.36114911080711354 0.033846153846153845 0.08344733242134063
0 0.4596153846153846 0.6224350205198358 0.027692307692307693 0.0533515731874145
0 0.5538461538461539 0.3590971272229822 0.03461538461538462 0.060191518467852256
0 0.571923076923077 0.21272229822161423 0.023846153846153847 0.0506155950752394
0 0.5926923076923077 0.3392612859097127 0.033846153846153845 0.06155950752393981
0 0.6180769230769231 0.34952120383036933 0.03 0.058823529411764705
0 0.6103846153846154 0.29958960328317374 0.036923076923076927 0.06429548563611491
0 0.6057692307692307 0.25376196990424077 0.031538461538461536 0.047879616963064295
0 0.6403846153846153 0.1121751025991792 0.03230769230769231 0.058823529411764705
0 0.7003846153846154 0.10259917920656635 0.024615384615384615 0.0560875512995896
0 0.7503846153846154 0.043091655266757865 0.03307692307692308 0.06155950752393981
0 0.7769230769230769 0.1347469220246238 0.03307692307692308 0.057455540355677154
0 0.7307692307692307 0.33036935704514364 0.02846153846153846 0.057455540355677154
0 0.4957692307692308 0.6709986320109439 0.02846153846153846 0.06155950752393981
0 0.4796153846153846 0.5642954856361149 0.026923076923076925 0.06155950752393981
0 0.505 0.5560875512995896 0.026923076923076925 0.07797537619699042
0 0.5253846153846153 0.5827633378932968 0.024615384615384615 0.07113543091655267
0 0.555 0.5964432284541724 0.027692307692307693 0.06429548563611491
0 0.535 0.5006839945280438 0.03538461538461538 0.0560875512995896
0 0.5638461538461539 0.5198358413132695 0.03230769230769231 0.07660738714090287
0 0.6034615384615385 0.5663474692202463 0.02923076923076923 0.07523939808481532
0 0.6188461538461538 0.5588235294117647 0.026923076923076925 0.058823529411764705
0 0.6342307692307693 0.5403556771545828 0.02923076923076923 0.0506155950752394
0 0.6653846153846154 0.478796169630643 0.036923076923076927 0.049247606019151846
0 0.5876923076923077 0.38645690834473323 0.03 0.05471956224350205
0 0.7569230769230769 0.49316005471956226 0.026923076923076925 0.06566347469220246
0 0.8296153846153846 0.6101231190150479 0.03076923076923077 0.04514363885088919
0 0.818076923076923 0.6367989056087552 0.026923076923076925 0.0560875512995896
0 0.8515384615384616 0.6518467852257182 0.025384615384615384 0.05198358413132695
0 0.8842307692307693 0.6395348837209303 0.031538461538461536 0.04240766073871409
0 0.795 0.6969904240766074 0.022307692307692306 0.058823529411764705
0 0.7784615384615384 0.7653898768809849 0.03307692307692308 0.03556771545827633
0 0.7676923076923077 0.8002735978112175 0.026153846153846153 0.060191518467852256
0 0.7615384615384615 0.8337893296853626 0.026923076923076925 0.07113543091655267
0 0.7857692307692308 0.841313269493844 0.026153846153846153 0.06976744186046512
0 0.7623076923076924 0.8891928864569083 0.027692307692307693 0.04377564979480164
0 0.6530769230769231 0.9678522571819426 0.026923076923076925 0.049247606019151846
0 0.8496153846153847 0.7585499316005472 0.026923076923076925 0.0533515731874145
0 0.8361538461538461 0.872093023255814 0.026923076923076925 0.046511627906976744
0 0.8596153846153847 0.9213406292749658 0.025384615384615384 0.06155950752393981
0 0.8396153846153847 0.993844049247606 0.031538461538461536 0.03419972640218878
0 0.8865384615384615 0.9227086183310533 0.025384615384615384 0.06429548563611491
0 0.8919230769230769 0.9917920656634747 0.033846153846153845 0.036935704514363885
0 0.5892307692307692 0.746922024623803 0.03076923076923077 0.03556771545827633
0 0.5784615384615385 0.753077975376197 0.025384615384615384 0.060191518467852256
