0 0.545 0.22125 0.043333333333333335 0.09
0 0.5725 0.2775 0.051666666666666666 0.065
0 0.48375 0.354375 0.04583333333333333 0.08375
0 0.545 0.415 0.045 0.08
0 0.5229166666666667 0.360625 0.04083333333333333 0.07625
0 0.56 0.35375 0.043333333333333335 0.075
0 0.6045833333333334 0.230625 0.04416666666666667 0.06125
0 0.58875 0.193125 0.035833333333333335 0.05875
0 0.55 0.04625 0.05 0.08
0 0.65 0.0325 0.043333333333333335 0.045
0 0.7770833333333333 0.031875 0.0425 0.03375
0 0.7354166666666667 0.03125 0.041666666666666664 0.03625
0 0.6625 0.193125 0.04583333333333333 0.075
0 0.67875 0.1525 0.045 0.06625
0 0.8020833333333334 0.183125 0.04416666666666667 0.08125
0 0.8366666666666667 0.17125 0.04 0.08
0 0.8641666666666666 0.265 0.043333333333333335 0.065
0 0.8366666666666667 0.333125 0.0475 0.085
0 0.9929166666666667 0.381875 0.034166666666666665 0.08125
0 0.7704166666666666 0.435 0.043333333333333335 0.08875
0 0.8233333333333334 0.48375 0.056666666666666664 0.09
0 0.9379166666666666 0.56375 0.045 0.06625
0 0.9195833333333333 0.49875 0.03666666666666667 0.06375
0 0.9575 0.523125 0.0425 0.075
0 0.5466666666666666 0.634375 0.050833333333333335 0.08
0 0.6016666666666667 0.66125 0.03833333333333333 0.0725
0 0.5954166666666667 0.58875 0.03666666666666667 0.07875
0 0.6445833333333333 0.618125 0.04583333333333333 0.08875
0 0.6983333333333334 0.705 0.03833333333333333 0.075
0 0.64125 0.74 0.04 0.06875
0 0.49416666666666664 0.718125 0.0425 0.0725
0 0.5308333333333334 0.779375 0.0475 0.09
0 0.7516666666666667 0.798125 0.04416666666666667 0.0725
0 0.78 0.521875 0.0425 0.09
0 0.7520833333333333 0.66125 0.041666666666666664 0.08625
0 0.9483333333333334 0.79 0.04833333333333333 0.0925
0 0.4816666666666667 0.85625 0.043333333333333335 0.0925
0 0.4275 0.899375 0.0475 0.0775
0 0.5216666666666666 0.924375 0.0475 0.0925
0 0.6908333333333333 0.8675 0.03833333333333333 0.08
0 0.65125 0.86 0.035 0.07125
