0 0.17785493827160495 0.2037037037037037 0.016975308641975308 0.027777777777777776
0 0.3236882716049383 0.21553497942386832 0.013117283950617283 0.027777777777777776
0 0.33603395061728397 0.25462962962962965 0.016203703703703703 0.023662551440329218
0 0.3317901234567901 0.2417695473251029 0.018518518518518517 0.01646090534979424
0 0.22376543209876543 0.37448559670781895 0.024691358024691357 0.026748971193415638
0 0.23881172839506173 0.39300411522633744 0.020061728395061727 0.0257201646090535
0 0.13001543209876543 0.36522633744855965 0.021604938271604937 0.0257201646090535
0 0.19020061728395063 0.4537037037037037 0.016975308641975308 0.03189300411522634
0 0.13233024691358025 0.4794238683127572 0.016975308641975308 0.0257201646090535
0 0.11226851851851852 0.5267489711934157 0.018518518518518517 0.03189300411522634
0 0.13580246913580246 0.5324074074074074 0.014660493827160493 0.03292181069958848
0 0.14814814814814814 0.5421810699588477 0.016975308641975308 0.030864197530864196
0 0.33487654320987653 0.47890946502057613 0.019290123456790122 0.03292181069958848
0 0.5154320987654321 0.3281893004115226 0.018518518518518517 0.026748971193415638
0 0.5189043209876543 0.35390946502057613 0.020061728395061727 0.01954732510288066
0 0.2033179012345679 0.5123456790123457 0.021604938271604937 0.03806584362139918
0 0.32175925925925924 0.5704732510288066 0.017746913580246913 0.030864197530864196
0 0.5246913580246914 0.2875514403292181 0.019290123456790122 0.030864197530864196
0 0.11766975308641975 0.5725308641975309 0.014660493827160493 0.030864197530864196
0 0.13464506172839505 0.5673868312757202 0.016203703703703703 0.026748971193415638
0 0.20679012345679013 0.5972222222222222 0.023919753086419752 0.0257201646090535
0 0.2662037037037037 0.6100823045267489 0.021604938271604937 0.029835390946502057
0 0.4498456790123457 0.7525720164609053 0.017746913580246913 0.0257201646090535
0 0.3560956790123457 0.7633744855967078 0.016975308641975308 0.026748971193415638
0 0.7040895061728395 0.7638888888888888 0.019290123456790122 0.024691358024691357
0 0.5378086419753086 0.5694444444444444 0.014660493827160493 0.023662551440329218
0 0.04359567901234568 0.6959876543209876 0.017746913580246913 0.03292181069958848
0 0.12229938271604938 0.7073045267489712 0.023919753086419752 0.030864197530864196
