0 0.0555 0.7663043478260869 0.066 0.09627329192546584
0 0.2135 0.6218944099378882 0.056 0.09627329192546584
0 0.386 0.7414596273291926 0.064 0.10403726708074534
0 0.3545 0.8043478260869565 0.053 0.11180124223602485
0 0.3225 0.8827639751552795 0.05 0.09937888198757763
0 0.3605 0.9184782608695652 0.052 0.09316770186335403
0 0.19625 0.952639751552795 0.05 0.08618012422360248
0 0.2125 0.8152173913043478 0.061 0.08074534161490683
0 0.2635 0.7934782608695652 0.063 0.07763975155279502
0 0.259 0.8540372670807453 0.053 0.07608695652173914
0 0.355 0.38975155279503104 0.051 0.09472049689440994
0 0.4725 0.5799689440993789 0.06 0.08074534161490683
0 0.5265 0.5659937888198758 0.062 0.08385093167701864
0 0.4935 0.43245341614906835 0.04 0.09627329192546584
0 0.5265 0.46040372670807456 0.046 0.09316770186335403
0 0.5645 0.4813664596273292 0.045 0.07763975155279502
0 0.5655 0.40062111801242234 0.059 0.09316770186335403
0 0.515 0.4192546583850932 0.053 0.06677018633540373
0 0.334 0.3641304347826087 0.048 0.08229813664596274
0 0.23 0.3804347826086957 0.053 0.06987577639751552
0 0.2685 0.43245341614906835 0.044 0.07763975155279502
0 0.187 0.4231366459627329 0.03 0.05745341614906832
0 0.175 0.40217391304347827 0.033 0.06366459627329192
0 0.056 0.19875776397515527 0.045 0.08229813664596274
0 0.3665 0.0625 0.0395 0.06832298136645963
0 0.4025 0.06754658385093168 0.05 0.07142857142857142
0 0.392 0.12616459627329193 0.0465 0.07453416149068323
0 0.473 0.1498447204968944 0.048 0.09472049689440994
0 0.7595 0.3532608695652174 0.044 0.06677018633540373
0 0.839 0.35830745341614906 0.0515 0.06677018633540373
0 0.831 0.328027950310559 0.0535 0.049689440993788817
0 0.79525 0.35597826086956524 0.0435 0.06444099378881987
0 0.81325 0.3889751552795031 0.044 0.08152173913043478
0 0.89425 0.4048913043478261 0.0445 0.08307453416149069
0 0.864 0.48835403726708076 0.049 0.07298136645962733
0 0.93475 0.6840062111801242 0.065 0.10326086956521739
0 0.89075 0.8097826086956522 0.062 0.09704968944099379
0 0.83575 0.6975931677018633 0.0615 0.07531055900621118
