0 0.1026923076923077 0.13885088919288646 0.019230769230769232 0.0506155950752394
0 0.20115384615384616 0.14432284541723667 0.02846153846153846 0.0506155950752394
0 0.2373076923076923 0.19220246238030095 0.026923076923076925 0.06703146374829001
0 0.2630769230769231 0.13064295485636115 0.025384615384615384 0.04377564979480164
0 0.31961538461538463 0.10465116279069768 0.025384615384615384 0.047879616963064295
0 0.15730769230769232 0.1121751025991792 0.026153846153846153 0.04514363885088919
0 0.3403846153846154 0.21135430916552667 0.02846153846153846 0.0533515731874145
0 0.40807692307692306 0.27906976744186046 0.03076923076923077 0.0560875512995896
0 0.6442307692307693 0.1094391244870041 0.027692307692307693 0.06155950752393981
0 0.6976923076923077 0.106703146374829 0.026153846153846153 0.046511627906976744
0 0.7453846153846154 0.046511627906976744 0.033846153846153845 0.049247606019151846
0 0.7765384615384615 0.140218878248974 0.03 0.0506155950752394
0 0.7261538461538461 0.33036935704514364 0.02846153846153846 0.05198358413132695
0 0.6973076923076923 0.3344733242134063 0.02846153846153846 0.06429548563611491
0 0.5673076923076923 0.22093023255813954 0.03 0.0506155950752394
0 0.6076923076923076 0.2982216142270862 0.03538461538461538 0.057455540355677154
0 0.5919230769230769 0.33652530779753764 0.03230769230769231 0.058823529411764705
0 0.6169230769230769 0.35294117647058826 0.02923076923076923 0.05471956224350205
0 0.5511538461538461 0.3625170998632011 0.03230769230769231 0.0506155950752394
0 0.5296153846153846 0.3652530779753762 0.03076923076923077 0.06976744186046512
0 0.5288461538461539 0.32147742818057456 0.026153846153846153 0.047879616963064295
0 0.5003846153846154 0.30984952120383036 0.02846153846153846 0.047879616963064295
0 0.5869230769230769 0.38782489740082077 0.03 0.049247606019151846
0 0.6073076923076923 0.44596443228454175 0.033846153846153845 0.04240766073871409
0 0.6646153846153846 0.4740082079343365 0.03461538461538462 0.046511627906976744
0 0.5365384615384615 0.493844049247606 0.02923076923076923 0.047879616963064295
0 0.29384615384615387 0.5615595075239398 0.025384615384615384 0.06839945280437756
0 0.2323076923076923 0.6607387140902873 0.024615384615384615 0.049247606019151846
0 0.24923076923076923 0.6518467852257182 0.019230769230769232 0.03556771545827633
0 0.22846153846153847 0.7045143638850889 0.026153846153846153 0.05471956224350205
0 0.20692307692307693 0.7086183310533516 0.024615384615384615 0.046511627906976744
0 0.32576923076923076 0.6087551299589603 0.024615384615384615 0.04240766073871409
0 0.3180769230769231 0.6361149110807114 0.02 0.0506155950752394
0 0.3046153846153846 0.6627906976744186 0.019230769230769232 0.049247606019151846
0 0.2919230769230769 0.6491108071135431 0.01769230769230769 0.0533515731874145
0 0.39807692307692305 0.5328317373461012 0.022307692307692306 0.0533515731874145
0 0.34307692307692306 0.5581395348837209 0.027692307692307693 0.049247606019151846
0 0.5661538461538461 0.5088919288645691 0.03076923076923077 0.08481532147742818
0 0.49923076923076926 0.5581395348837209 0.027692307692307693 0.07113543091655267
0 0.5242307692307693 0.5868673050615595 0.024615384615384615 0.06703146374829001
0 0.5538461538461539 0.5978112175102599 0.027692307692307693 0.060191518467852256
0 0.4930769230769231 0.6709986320109439 0.02846153846153846 0.049247606019151846
0 0.4642307692307692 0.6135430916552668 0.023846153846153847 0.06155950752393981
0 0.4896153846153846 0.5218878248974008 0.016153846153846154 0.07250341997264022
0 0.4765384615384615 0.5745554035567716 0.02 0.04240766073871409
0 0.4480769230769231 0.7045143638850889 0.024615384615384615 0.0533515731874145
0 0.6165384615384616 0.5554035567715458 0.026153846153846153 0.0560875512995896
0 0.6057692307692307 0.5581395348837209 0.027692307692307693 0.08344733242134063
0 0.6361538461538462 0.5410396716826266 0.03 0.057455540355677154
0 0.6361538461538462 0.5930232558139535 0.03 0.05198358413132695
0 0.5688461538461539 0.7051983584131327 0.03307692307692308 0.058823529411764705
0 0.5884615384615385 0.7455540355677155 0.03230769230769231 0.03556771545827633
0 0.578076923076923 0.7489740082079344 0.026923076923076925 0.06155950752393981
0 0.6561538461538462 0.6969904240766074 0.03769230769230769 0.049247606019151846
0 0.7584615384615384 0.49179206566347466 0.023846153846153847 0.06566347469220246
0 0.7742307692307693 0.5129958960328317 0.021538461538461538 0.0560875512995896
0 0.786923076923077 0.49726402188782487 0.036153846153846154 0.04377564979480164
0 0.8253846153846154 0.6190150478796169 0.036153846153846154 0.04377564979480164
0 0.818076923076923 0.6381668946648427 0.025384615384615384 0.0506155950752394
0 0.8846153846153846 0.640218878248974 0.03076923076923077 0.046511627906976744
0 0.8542307692307692 0.6470588235294118 0.024615384615384615 0.06429548563611491
0 0.7938461538461539 0.70109439124487 0.023846153846153847 0.057455540355677154
0 0.8496153846153847 0.761969904240766 0.026153846153846153 0.058823529411764705
0 0.7769230769230769 0.7653898768809849 0.03461538461538462 0.03556771545827633
0 0.7565384615384615 0.8317373461012312 0.02923076923076923 0.06976744186046512
0 0.765 0.79890560875513 0.026153846153846153 0.0560875512995896
0 0.7834615384615384 0.8372093023255814 0.023076923076923078 0.06155950752393981
0 0.6907692307692308 0.6963064295485636 0.03076923076923077 0.04377564979480164
0 0.8430769230769231 0.8632010943912448 0.024615384615384615 0.060191518467852256
0 0.6573076923076923 0.9630642954856361 0.024615384615384615 0.058823529411764705
0 0.8580769230769231 0.9261285909712722 0.026153846153846153 0.0560875512995896
0 0.8869230769230769 0.9199726402188783 0.025384615384615384 0.06839945280437756
0 0.8911538461538462 0.9849521203830369 0.033846153846153845 0.04240766073871409
0 0.8430769230769231 0.9863201094391245 0.024615384615384615 0.03556771545827633
0 0.9265384615384615 0.9712722298221614 0.03076923076923077 0.04240766073871409
0 0.7592307692307693 0.9569083447332422 0.023846153846153847 0.049247606019151846
0 0.7684615384615384 0.8837209302325582 0.024615384615384615 0.05471956224350205
0 0.4603846153846154 0.9404924760601915 0.023846153846153847 0.0506155950752394
0 0.5703846153846154 0.9733242134062927 0.026923076923076925 0.0506155950752394
0 0.5976923076923077 0.9883720930232558 0.02846153846153846 0.03556771545827633
