0 0.2670368975903614 0.6340361445783133 0.022778614457831324 0.04852744310575636
0 0.2692018072289157 0.5908634538152611 0.021649096385542167 0.03547523427041499
0 0.3149472891566265 0.6434069611780455 0.01901355421686747 0.029451137884872823
0 0.30384036144578314 0.6551204819277109 0.017884036144578314 0.03346720214190094
0 0.08170180722891567 0.030957161981258367 0.016001506024096387 0.0214190093708166
0 0.09271460843373494 0.01706827309236948 0.015060240963855422 0.025100401606425703
0 0.08885542168674698 0.040160642570281124 0.011295180722891566 0.015394912985274432
0 0.0964796686746988 0.051539491298527446 0.009036144578313253 0.020414993306559572
0 0.054499246987951805 0.2433065595716198 0.01355421686746988 0.029785809906291833
0 0.19681852409638553 0.13520749665327977 0.01581325301204819 0.025769745649263723
0 0.1379894578313253 0.37801204819277107 0.012612951807228916 0.020080321285140562
0 0.14504894578313254 0.34220214190093706 0.012612951807228916 0.02643908969210174
0 0.0935617469879518 0.21485943775100402 0.009036144578313253 0.018072289156626505
