0 0.115 0.023094688221709007 0.03076923076923077 0.03810623556581986
0 0.2561538461538462 0.021362586605080832 0.02846153846153846 0.04849884526558892
0 0.34884615384615386 0.02367205542725173 0.031538461538461536 0.03117782909930716
0 0.21884615384615386 0.07159353348729793 0.024615384615384615 0.05658198614318707
0 0.2696153846153846 0.08891454965357967 0.027692307692307693 0.04734411085450346
0 0.17692307692307693 0.10392609699769054 0.021538461538461538 0.03464203233256351
0 0.23576923076923076 0.12240184757505773 0.024615384615384615 0.049653579676674366
0 0.24807692307692308 0.14145496535796767 0.026923076923076925 0.026558891454965358
0 0.2953846153846154 0.11720554272517321 0.025384615384615384 0.04157043879907621
0 0.34884615384615386 0.1397228637413395 0.027692307692307693 0.054272517321016164
0 0.3523076923076923 0.1928406466512702 0.02923076923076923 0.050808314087759814
0 0.32076923076923075 0.18822170900692842 0.026153846153846153 0.050808314087759814
0 0.027692307692307693 0.19572748267898382 0.025384615384615384 0.046189376443418015
0 0.23961538461538462 0.19861431870669746 0.03230769230769231 0.05889145496535797
0 0.06653846153846153 0.2066974595842956 0.024615384615384615 0.049653579676674366
0 0.4807692307692308 0.016166281755196306 0.021538461538461538 0.03695150115473441
0 0.4596153846153846 0.09353348729792148 0.027692307692307693 0.03348729792147806
0 0.47807692307692307 0.13163972286374134 0.026153846153846153 0.04734411085450346
0 0.5011538461538462 0.1697459584295612 0.018461538461538463 0.04503464203233257
0 0.5415384615384615 0.14434180138568128 0.024615384615384615 0.03695150115473441
0 0.5438461538461539 0.11143187066974596 0.031538461538461536 0.04157043879907621
0 0.35 0.35219399538106233 0.023076923076923078 0.050808314087759814
0 0.4723076923076923 0.2476905311778291 0.023846153846153847 0.04849884526558892
0 0.5307692307692308 0.2390300230946882 0.024615384615384615 0.04849884526558892
0 0.545 0.23556581986143188 0.026153846153846153 0.03348729792147806
0 0.05846153846153846 0.37644341801385683 0.026153846153846153 0.03695150115473441
0 0.045384615384615384 0.38799076212471134 0.023076923076923078 0.04157043879907621
0 0.18576923076923077 0.36027713625866054 0.026153846153846153 0.03579676674364896
0 0.1626923076923077 0.4128175519630485 0.01769230769230769 0.03579676674364896
0 0.14961538461538462 0.4081986143187067 0.016153846153846154 0.03579676674364896
0 0.22192307692307692 0.4341801385681293 0.027692307692307693 0.02424942263279446
0 0.2273076923076923 0.40473441108545033 0.026923076923076925 0.03348729792147806
0 0.3507692307692308 0.4237875288683603 0.02923076923076923 0.050808314087759814
0 0.33807692307692305 0.4676674364896074 0.026153846153846153 0.042725173210161664
0 0.21384615384615385 0.5236720554272517 0.026923076923076925 0.050808314087759814
0 0.22 0.4924942263279446 0.02846153846153846 0.04849884526558892
0 0.23192307692307693 0.5646651270207852 0.026153846153846153 0.04041570438799076
0 0.2676923076923077 0.5225173210161663 0.03 0.03926096997690531
0 0.26384615384615384 0.6039260969976905 0.033846153846153845 0.05542725173210162
0 0.2923076923076923 0.5698614318706697 0.03 0.050808314087759814
0 0.055384615384615386 0.586027713625866 0.026923076923076925 0.04387990762124711
0 0.32076923076923075 0.5606235565819861 0.03 0.046189376443418015
0 0.3223076923076923 0.5034642032332564 0.026153846153846153 0.05542725173210162
0 0.34192307692307694 0.516743648960739 0.031538461538461536 0.05658198614318707
0 0.36730769230769234 0.5028868360277137 0.026923076923076925 0.049653579676674366
0 0.4096153846153846 0.42494226327944573 0.027692307692307693 0.054272517321016164
0 0.42846153846153845 0.407621247113164 0.02923076923076923 0.04849884526558892
0 0.44461538461538463 0.3683602771362587 0.027692307692307693 0.03464203233256351
0 0.5034615384615385 0.33140877598152424 0.023076923076923078 0.049653579676674366
0 0.46923076923076923 0.30369515011547343 0.03076923076923077 0.04157043879907621
0 0.5207692307692308 0.3377598152424942 0.03461538461538462 0.03926096997690531
0 0.5188461538461538 0.4237875288683603 0.027692307692307693 0.049653579676674366
0 0.4826923076923077 0.5028868360277137 0.025384615384615384 0.04734411085450346
0 0.47307692307692306 0.5577367205542725 0.027692307692307693 0.050808314087759814
0 0.5196153846153846 0.5565819861431871 0.026153846153846153 0.04503464203233257
0 0.49423076923076925 0.5785219399538106 0.02923076923076923 0.04734411085450346
0 0.5061538461538462 0.6021939953810623 0.02846153846153846 0.046189376443418015
0 0.5546153846153846 0.4491916859122402 0.023076923076923078 0.03926096997690531
0 0.5403846153846154 0.4428406466512702 0.025384615384615384 0.03810623556581986
0 0.6134615384615385 0.3931870669745958 0.026923076923076925 0.03810623556581986
0 0.6211538461538462 0.4647806004618938 0.031538461538461536 0.04503464203233257
0 0.6165384615384616 0.5525404157043879 0.023846153846153847 0.04734411085450346
0 0.6019230769230769 0.5918013856812933 0.03307692307692308 0.04734411085450346
0 0.5765384615384616 0.624133949191686 0.03461538461538462 0.04041570438799076
0 0.6634615384615384 0.3418013856812933 0.024615384615384615 0.04503464203233257
0 0.7207692307692307 0.5069284064665127 0.027692307692307693 0.06235565819861432
0 0.6638461538461539 0.4884526558891455 0.024615384615384615 0.03926096997690531
0 0.7503846153846154 0.5161662817551963 0.021538461538461538 0.054272517321016164
0 0.7376923076923076 0.48267898383371827 0.027692307692307693 0.046189376443418015
0 0.3853846153846154 0.6772517321016166 0.02846153846153846 0.057736720554272515
0 0.27076923076923076 0.875866050808314 0.031538461538461536 0.053117782909930716
0 0.2684615384615385 0.9480369515011547 0.02923076923076923 0.06004618937644342
0 0.21884615384615386 0.9613163972286374 0.03 0.05658198614318707
0 0.16653846153846155 0.6876443418013857 0.02846153846153846 0.03579676674364896
0 0.1773076923076923 0.7193995381062356 0.03076923076923077 0.03810623556581986
0 0.39807692307692305 0.8724018475750578 0.026923076923076925 0.054272517321016164
0 0.23461538461538461 0.7061200923787528 0.023846153846153847 0.03695150115473441
0 0.35384615384615387 0.9151270207852193 0.025384615384615384 0.046189376443418015
0 0.3596153846153846 0.8960739030023095 0.023076923076923078 0.03579676674364896
0 0.38769230769230767 0.9566974595842956 0.025384615384615384 0.046189376443418015
0 0.9680769230769231 0.040993071593533485 0.031538461538461536 0.05658198614318707
0 0.995 0.046189376443418015 0.024615384615384615 0.05889145496535797
0 0.9076923076923077 0.1628175519630485 0.03076923076923077 0.057736720554272515
0 0.7834615384615384 0.2390300230946882 0.03076923076923077 0.03810623556581986
0 0.811923076923077 0.2615473441108545 0.040769230769230766 0.03810623556581986
0 0.9123076923076923 0.30138568129330257 0.043076923076923075 0.046189376443418015
0 0.9603846153846154 0.29330254041570436 0.027692307692307693 0.07043879907621248
0 0.9746153846153847 0.2817551963048499 0.03076923076923077 0.05542725173210162
0 0.9876923076923076 0.5710161662817552 0.023846153846153847 0.057736720554272515
0 0.9396153846153846 0.5531177829099307 0.023076923076923078 0.04503464203233257
0 0.8988461538461539 0.5075057736720554 0.023846153846153847 0.03810623556581986
0 0.1976923076923077 0.6224018475750578 0.027692307692307693 0.04157043879907621
0 0.38884615384615384 0.7569284064665127 0.023846153846153847 0.05889145496535797
0 0.8819230769230769 0.5785219399538106 0.026153846153846153 0.03348729792147806
0 0.8815384615384615 0.5415704387990762 0.03076923076923077 0.04157043879907621
0 0.823076923076923 0.640877598152425 0.02923076923076923 0.04157043879907621
0 0.8146153846153846 0.6685912240184757 0.033846153846153845 0.05542725173210162
0 0.7611538461538462 0.6264434180138568 0.03461538461538462 0.042725173210161664
0 0.755 0.651270207852194 0.02923076923076923 0.04041570438799076
0 0.9 0.7765588914549654 0.03 0.053117782909930716
0 0.9046153846153846 0.6120092378752887 0.021538461538461538 0.046189376443418015
0 0.8903846153846153 0.7118937644341802 0.019230769230769232 0.042725173210161664
0 0.6161538461538462 0.6506928406466512 0.03 0.06004618937644342
0 0.6053846153846154 0.6899538106235565 0.025384615384615384 0.046189376443418015
0 0.8911538461538462 0.8516166281755196 0.023846153846153847 0.05658198614318707
0 0.8542307692307692 0.8389145496535797 0.03307692307692308 0.05196304849884527
0 0.561923076923077 0.8897228637413395 0.023846153846153847 0.042725173210161664
0 0.6515384615384615 0.8233256351039261 0.026153846153846153 0.04387990762124711
0 0.44961538461538464 0.9405311778290993 0.02846153846153846 0.05889145496535797
0 0.6226923076923077 0.8019630484988453 0.019230769230769232 0.03810623556581986
0 0.45346153846153847 0.890877598152425 0.02076923076923077 0.04734411085450346
