0 0.3765432098765432 0.5028292181069959 0.028935185185185185 0.03497942386831276
0 0.39351851851851855 0.3778292181069959 0.02353395061728395 0.027777777777777776
0 0.19695216049382716 0.48405349794238683 0.021604938271604937 0.03652263374485597
0 0.1873070987654321 0.4323559670781893 0.02507716049382716 0.04681069958847737
0 0.31867283950617287 0.15689300411522633 0.021604938271604937 0.0360082304526749
0 0.33429783950617287 0.1720679012345679 0.02816358024691358 0.035493827160493825
0 0.41628086419753085 0.22093621399176955 0.022762345679012346 0.0257201646090535
0 0.44155092592592593 0.20756172839506173 0.015817901234567902 0.032407407407407406
0 0.3395061728395062 0.22685185185185186 0.023919753086419752 0.03806584362139918
0 0.2671682098765432 0.3778292181069959 0.019675925925925927 0.032407407407407406
0 0.22357253086419754 0.45627572016460904 0.017746913580246913 0.025205761316872428
0 0.21469907407407407 0.4758230452674897 0.020061728395061727 0.032407407407407406
0 0.279320987654321 0.5164609053497943 0.02546296296296296 0.03497942386831276
0 0.21219135802469136 0.39197530864197533 0.023919753086419752 0.03189300411522634
0 0.20910493827160495 0.44135802469135804 0.020833333333333332 0.033950617283950615
0 0.22627314814814814 0.5573559670781894 0.025848765432098766 0.03446502057613169
