0 0.13756127450980393 0.06433823529411764 0.07873774509803921 0.13480392156862744
0 0.22074142156862744 0.15359477124183007 0.09068627450980392 0.17034313725490197
0 0.32996323529411764 0.6425653594771242 0.08762254901960784 0.14052287581699346
0 0.25628063725490197 0.7510212418300654 0.033394607843137254 0.06576797385620915
0 0.28339460784313725 0.7583741830065359 0.03155637254901961 0.049019607843137254
0 0.21354166666666666 0.7148692810457516 0.027573529411764705 0.05065359477124183
0 0.19699754901960784 0.738562091503268 0.032475490196078434 0.058823529411764705
0 0.569546568627451 0.6621732026143791 0.0741421568627451 0.10620915032679738
0 0.5670955882352942 0.7058823529411765 0.04779411764705882 0.10784313725490197
0 0.6418504901960784 0.6785130718954249 0.03125 0.07679738562091504
0 0.6954656862745098 0.8672385620915033 0.03982843137254902 0.08415032679738563
0 0.7205882352941176 0.5555555555555556 0.05392156862745098 0.10375816993464053
0 0.7913602941176471 0.6727941176470589 0.04595588235294118 0.0784313725490196
0 0.600796568627451 0.8178104575163399 0.05024509803921569 0.06372549019607843
0 0.5062806372549019 0.8253676470588235 0.040747549019607844 0.042075163398692814
0 0.6078431372549019 0.971609477124183 0.04442401960784314 0.05800653594771242
0 0.39231004901960786 0.5782271241830066 0.04871323529411765 0.07475490196078431
0 0.4181985294117647 0.5042892156862745 0.045649509803921566 0.058823529411764705
0 0.9090073529411765 0.6158088235294118 0.0628063725490196 0.07679738562091504
0 0.9630821078431373 0.5745506535947712 0.07138480392156862 0.09436274509803921
0 0.7254901960784313 0.7111928104575164 0.0428921568627451 0.07107843137254902
0 0.5822610294117647 0.45526960784313725 0.05116421568627451 0.06495098039215687
0 0.5643382352941176 0.37826797385620914 0.05330882352941176 0.09313725490196079
0 0.6119791666666666 0.32312091503267976 0.049019607843137254 0.09844771241830065
0 0.7017463235294118 0.3202614379084967 0.049019607843137254 0.06004901960784314
0 0.967984068627451 0.38235294117647056 0.05024509803921569 0.061683006535947715
0 0.8725490196078431 0.3997140522875817 0.0272671568627451 0.04330065359477124
0 0.8897058823529411 0.32250816993464054 0.0389093137254902 0.06454248366013073
0 0.8256740196078431 0.29248366013071897 0.041666666666666664 0.04820261437908497
0 0.8204656862745098 0.21058006535947713 0.046262254901960786 0.06045751633986928
0 0.8302696078431373 0.11417483660130719 0.04258578431372549 0.06045751633986928
0 0.8924632352941176 0.06964869281045752 0.03155637254901961 0.032679738562091505
0 0.8808210784313726 0.039624183006535946 0.03002450980392157 0.03431372549019608
0 0.9520526960784313 0.06781045751633986 0.03370098039215686 0.03799019607843137
0 0.6755514705882353 0.15849673202614378 0.042279411764705885 0.04738562091503268
0 0.5177696078431373 0.07148692810457516 0.027573529411764705 0.05228758169934641
0 0.5530024509803921 0.03594771241830065 0.028186274509803922 0.04330065359477124
0 0.5735294117647058 0.20915032679738563 0.0392156862745098 0.08006535947712418
