0 0.14013671875 0.052734375 0.0615234375 0.07682291666666667
0 0.02685546875 0.030598958333333332 0.0458984375 0.07161458333333333
0 0.04052734375 0.501953125 0.0458984375 0.10807291666666667
0 0.205078125 0.4290364583333333 0.0732421875 0.109375
0 0.2802734375 0.3658854166666667 0.06640625 0.08854166666666667
0 0.30810546875 0.4029947916666667 0.0634765625 0.10807291666666667
0 0.2255859375 0.3619791666666667 0.0625 0.07291666666666667
0 0.2236328125 0.4967447916666667 0.0654296875 0.08072916666666667
0 0.1943359375 0.5872395833333334 0.064453125 0.12239583333333333
0 0.236328125 0.6588541666666666 0.052734375 0.10677083333333333
0 0.421875 0.5013020833333334 0.07421875 0.11458333333333333
0 0.431640625 0.4596354166666667 0.068359375 0.07552083333333333
0 0.59326171875 0.4713541666666667 0.064453125 0.12369791666666667
0 0.509765625 0.5638020833333334 0.0625 0.11197916666666667
0 0.5517578125 0.60546875 0.064453125 0.078125
0 0.45703125 0.7018229166666666 0.060546875 0.10677083333333333
0 0.75537109375 0.5807291666666666 0.078125 0.17838541666666666
0 0.4921875 0.853515625 0.0537109375 0.11197916666666667
0 0.53955078125 0.8489583333333334 0.052734375 0.10807291666666667
0 0.58203125 0.9140625 0.05859375 0.11458333333333333
0 0.8046875 0.6048177083333334 0.0634765625 0.11458333333333333
0 0.9169921875 0.8932291666666666 0.09375 0.13020833333333334
0 0.69921875 0.9609375 0.0625 0.07552083333333333
