0 0.9918981481481481 0.8768004115226338 0.016203703703703703 0.038580246913580245
0 0.970679012345679 0.8832304526748971 0.02700617283950617 0.033950617283950615
0 0.9841820987654321 0.8996913580246914 0.026234567901234566 0.037037037037037035
0 0.9645061728395061 0.8479938271604939 0.02546296296296296 0.035493827160493825
0 0.9880401234567902 0.8310185185185185 0.021604938271604937 0.03343621399176955
0 0.9498456790123457 0.8616255144032922 0.02546296296296296 0.030864197530864196
0 0.9602623456790124 0.9814814814814815 0.023148148148148147 0.03189300411522634
0 0.9311342592592593 0.9593621399176955 0.02199074074074074 0.03292181069958848
0 0.9095293209876543 0.9588477366255144 0.02353395061728395 0.033950617283950615
0 0.884837962962963 0.9120370370370371 0.024305555555555556 0.03292181069958848
0 0.8562885802469136 0.9135802469135802 0.02662037037037037 0.0411522633744856
0 0.8443287037037037 0.9598765432098766 0.02353395061728395 0.03497942386831276
0 0.8890817901234568 0.7723765432098766 0.025848765432098766 0.035493827160493825
0 0.8765432098765432 0.8083847736625515 0.02854938271604938 0.03755144032921811
0 0.8624614197530864 0.7854938271604939 0.025848765432098766 0.03189300411522634
0 0.8422067901234568 0.7554012345679012 0.031635802469135804 0.03343621399176955
0 0.8429783950617284 0.8119855967078189 0.023919753086419752 0.035493827160493825
0 0.8221450617283951 0.7944958847736625 0.02546296296296296 0.03137860082304527
0 0.8200231481481481 0.835133744855967 0.027391975308641976 0.03343621399176955
0 0.7436342592592593 0.7546296296296297 0.02353395061728395 0.03497942386831276
0 0.7299382716049383 0.7412551440329218 0.026234567901234566 0.033950617283950615
0 0.7530864197530864 0.8045267489711934 0.016203703703703703 0.024691358024691357
0 0.7486496913580247 0.8294753086419753 0.015817901234567902 0.026234567901234566
0 0.7112268518518519 0.8909465020576132 0.03125 0.047325102880658436
0 0.6705246913580247 0.8616255144032922 0.026234567901234566 0.03806584362139918
0 0.634837962962963 0.8780864197530864 0.025848765432098766 0.03497942386831276
0 0.6450617283950617 0.8662551440329218 0.016975308641975308 0.024691358024691357
0 0.6493055555555556 0.9338991769547325 0.021604938271604937 0.03652263374485597
0 0.488233024691358 0.8256172839506173 0.03279320987654321 0.046296296296296294
0 0.5055941358024691 0.8737139917695473 0.03356481481481482 0.045781893004115226
0 0.5252700617283951 0.8593106995884774 0.028935185185185185 0.04989711934156379
0 0.47781635802469136 0.8559670781893004 0.03202160493827161 0.044238683127572016
0 0.5007716049382716 0.8935185185185185 0.033950617283950615 0.03806584362139918
0 0.4847608024691358 0.9266975308641975 0.03279320987654321 0.05092592592592592
0 0.4751157407407407 0.8891460905349794 0.02353395061728395 0.032407407407407406
0 0.4585262345679012 0.9002057613168725 0.03433641975308642 0.026748971193415638
0 0.45003858024691357 0.9521604938271605 0.02507716049382716 0.043209876543209874
0 0.7484567901234568 0.7175925925925926 0.022376543209876542 0.0411522633744856
0 0.5844907407407407 0.7626028806584362 0.033950617283950615 0.047839506172839504
0 0.5700231481481481 0.731224279835391 0.03279320987654321 0.038580246913580245
0 0.5435956790123457 0.7561728395061729 0.033179012345679014 0.04526748971193416
0 0.5397376543209876 0.7178497942386831 0.029320987654320986 0.03343621399176955
0 0.48842592592592593 0.6712962962962963 0.034722222222222224 0.0411522633744856
0 0.4457947530864198 0.658179012345679 0.03433641975308642 0.04372427983539095
0 0.41878858024691357 0.6422325102880658 0.03510802469135803 0.03137860082304527
0 0.4581404320987654 0.6869855967078189 0.03125 0.047839506172839504
0 0.5127314814814814 0.6638374485596708 0.033179012345679014 0.04063786008230453
0 0.5314429012345678 0.6350308641975309 0.03510802469135803 0.04372427983539095
0 0.5534336419753086 0.6082818930041153 0.03125 0.04989711934156379
0 0.6157407407407407 0.7098765432098766 0.031635802469135804 0.044238683127572016
0 0.6435185185185186 0.7047325102880658 0.033179012345679014 0.043209876543209874
0 0.6782407407407407 0.6589506172839507 0.03009259259259259 0.04526748971193416
0 0.6662808641975309 0.6206275720164609 0.03009259259259259 0.038580246913580245
0 0.6531635802469136 0.643775720164609 0.026234567901234566 0.035493827160493825
0 0.6163194444444444 0.6311728395061729 0.03202160493827161 0.044238683127572016
0 0.7627314814814815 0.6466049382716049 0.027777777777777776 0.03189300411522634
0 0.6221064814814814 0.5866769547325102 0.03433641975308642 0.044753086419753084
0 0.595679012345679 0.5779320987654321 0.030864197530864196 0.03960905349794239
0 0.8194444444444444 0.6532921810699589 0.02546296296296296 0.03806584362139918
0 0.8016975308641976 0.6846707818930041 0.020833333333333332 0.03292181069958848
0 0.7835648148148149 0.6792695473251029 0.023148148148148147 0.03343621399176955
0 0.9533179012345679 0.6669238683127572 0.021604938271604937 0.02726337448559671
0 0.9461805555555556 0.5779320987654321 0.024305555555555556 0.030349794238683128
0 0.9191743827160493 0.5964506172839507 0.019675925925925927 0.02726337448559671
0 0.8771219135802469 0.5985082304526749 0.022762345679012346 0.03137860082304527
0 0.8975694444444444 0.6342592592592593 0.02199074074074074 0.02880658436213992
0 0.9072145061728395 0.4470164609053498 0.02353395061728395 0.027777777777777776
0 0.8315972222222222 0.4642489711934156 0.02353395061728395 0.02417695473251029
0 0.7692901234567902 0.4588477366255144 0.036265432098765434 0.03909465020576132
0 0.6400462962962963 0.566358024691358 0.027777777777777776 0.0360082304526749
0 0.6149691358024691 0.5151748971193416 0.04089506172839506 0.047839506172839504
0 0.5125385802469136 0.5478395061728395 0.03279320987654321 0.047325102880658436
0 0.5169753086419753 0.5128600823045267 0.036265432098765434 0.040123456790123455
0 0.605516975308642 0.4403292181069959 0.03125 0.04526748971193416
0 0.5696373456790124 0.43287037037037035 0.02662037037037037 0.042695473251028807
0 0.6176697530864197 0.38323045267489714 0.024691358024691357 0.04218106995884774
0 0.6404320987654322 0.40843621399176955 0.020061728395061727 0.030864197530864196
0 0.6761188271604939 0.4228395061728395 0.03279320987654321 0.047325102880658436
0 0.7318672839506173 0.37371399176954734 0.038580246913580245 0.04063786008230453
0 0.6983024691358024 0.3713991769547325 0.031635802469135804 0.0411522633744856
0 0.7197145061728395 0.3428497942386831 0.030478395061728395 0.03755144032921811
0 0.8703703703703703 0.3515946502057613 0.026234567901234566 0.03343621399176955
0 0.7893518518518519 0.34233539094650206 0.022376543209876542 0.02726337448559671
0 0.6867283950617284 0.32947530864197533 0.02700617283950617 0.038580246913580245
0 0.703125 0.32330246913580246 0.02816358024691358 0.03137860082304527
0 0.6489197530864197 0.31430041152263377 0.022376543209876542 0.024691358024691357
0 0.7152777777777778 0.24717078189300412 0.023919753086419752 0.03137860082304527
0 0.6929012345679013 0.24717078189300412 0.023148148148148147 0.030349794238683128
0 0.6666666666666667 0.21424897119341563 0.020833333333333332 0.03137860082304527
0 0.5246913580246914 0.3153292181069959 0.023919753086419752 0.029835390946502057
0 0.5978009259259259 0.22530864197530864 0.021219135802469136 0.030864197530864196
0 0.5536265432098766 0.24022633744855967 0.024691358024691357 0.029835390946502057
0 0.5271990740740741 0.24511316872427982 0.02507716049382716 0.03446502057613169
0 0.49922839506172845 0.24794238683127573 0.021604938271604937 0.03909465020576132
0 0.4517746913580247 0.3011831275720165 0.026234567901234566 0.035493827160493825
0 0.4403935185185185 0.345679012345679 0.02816358024691358 0.03292181069958848
0 0.8445216049382716 0.11008230452674897 0.02546296296296296 0.03292181069958848
0 0.7943672839506173 0.12654320987654322 0.020833333333333332 0.02880658436213992
0 0.7700617283950617 0.14609053497942387 0.021604938271604937 0.03292181069958848
0 0.7604166666666666 0.07098765432098765 0.019290123456790122 0.02880658436213992
0 0.7453703703703703 0.09104938271604938 0.020061728395061727 0.027777777777777776
0 0.8414351851851851 0.14506172839506173 0.017746913580246913 0.02263374485596708
0 0.84375 0.18518518518518517 0.017746913580246913 0.02263374485596708
0 0.7087191358024691 0.07407407407407407 0.022376543209876542 0.03497942386831276
0 0.7071759259259259 0.11059670781893004 0.020833333333333332 0.0360082304526749
0 0.7561728395061729 0.01131687242798354 0.015432098765432098 0.02263374485596708
0 0.8611111111111112 0.03343621399176955 0.015432098765432098 0.023662551440329218
0 0.8811728395061729 0.02263374485596708 0.016975308641975308 0.024691358024691357
0 0.65625 0.06018518518518518 0.013117283950617283 0.01954732510288066
0 0.6739969135802469 0.14506172839506173 0.020833333333333332 0.02880658436213992
0 0.6334876543209876 0.15174897119341563 0.021604938271604937 0.033950617283950615
0 0.693287037037037 0.1697530864197531 0.017746913580246913 0.026748971193415638
0 0.5281635802469136 0.08436213991769548 0.019290123456790122 0.02880658436213992
0 0.5540123456790124 0.11882716049382716 0.021604938271604937 0.029835390946502057
0 0.5868055555555556 0.18364197530864199 0.023919753086419752 0.03806584362139918
0 0.5709876543209876 0.20936213991769548 0.027777777777777776 0.03189300411522634
0 0.49594907407407407 0.1087962962962963 0.02199074074074074 0.030349794238683128
0 0.5204475308641976 0.1301440329218107 0.023148148148148147 0.04218106995884774
0 0.4579475308641975 0.12551440329218108 0.018518518518518517 0.030864197530864196
0 0.4799382716049383 0.12371399176954732 0.022376543209876542 0.029320987654320986
0 0.4324845679012346 0.1044238683127572 0.023148148148148147 0.030864197530864196
0 0.4155092592592593 0.1087962962962963 0.020061728395061727 0.03137860082304527
0 0.48321759259259256 0.16949588477366256 0.02044753086419753 0.023148148148148147
0 0.4834104938271605 0.14969135802469136 0.020061728395061727 0.01748971193415638
0 0.4629629629629629 0.14969135802469136 0.019290123456790122 0.01954732510288066
0 0.44116512345679015 0.15354938271604937 0.017361111111111112 0.020061728395061727
0 0.33564814814814814 0.6983024691358025 0.022376543209876542 0.028292181069958847
0 0.23013117283950613 0.7232510288065843 0.021219135802469136 0.03497942386831276
0 0.2471064814814815 0.7044753086419753 0.016589506172839507 0.02417695473251029
0 0.25270061728395066 0.6929012345679012 0.018518518518518517 0.027777777777777776
0 0.2534722222222222 0.6682098765432098 0.023148148148148147 0.027777777777777776
0 0.236304012345679 0.6702674897119342 0.016589506172839507 0.02263374485596708
0 0.26003086419753085 0.6422325102880658 0.020061728395061727 0.023148148148148147
0 0.2926311728395061 0.6347736625514403 0.018132716049382717 0.02880658436213992
0 0.2768132716049383 0.6352880658436214 0.013503086419753086 0.026748971193415638
0 0.25906635802469136 0.6237139917695473 0.02199074074074074 0.03446502057613169
0 0.28125 0.6093106995884774 0.020061728395061727 0.02726337448559671
0 0.3096064814814815 0.6031378600823045 0.02353395061728395 0.035493827160493825
0 0.2559799382716049 0.5913065843621399 0.022762345679012346 0.03137860082304527
0 0.2681327160493827 0.5972222222222222 0.023148148148148147 0.027777777777777776
0 0.3011188271604939 0.5691872427983539 0.02199074074074074 0.038580246913580245
0 0.24633487654320985 0.543724279835391 0.027391975308641976 0.03189300411522634
0 0.2704475308641975 0.5396090534979424 0.022376543209876542 0.0360082304526749
0 0.2866512345679012 0.5375514403292181 0.019290123456790122 0.03189300411522634
0 0.3045910493827161 0.5074588477366255 0.025848765432098766 0.035493827160493825
0 0.3223379629629629 0.5352366255144033 0.02353395061728395 0.03652263374485597
0 0.34837962962962965 0.4704218106995885 0.026234567901234566 0.03652263374485597
0 0.3705632716049383 0.4729938271604938 0.02199074074074074 0.035493827160493825
0 0.3443287037037037 0.43852880658436216 0.027391975308641976 0.032407407407407406
0 0.18788580246913578 0.3472222222222222 0.024691358024691357 0.02880658436213992
0 0.21739969135802473 0.3549382716049383 0.021219135802469136 0.026748971193415638
0 0.21315586419753085 0.32947530864197533 0.01890432098765432 0.028292181069958847
0 0.29668209876543206 0.4156378600823045 0.022376543209876542 0.03189300411522634
0 0.27276234567901236 0.39891975308641975 0.015432098765432098 0.026234567901234566
0 0.28298611111111116 0.3734567901234568 0.025848765432098766 0.023662551440329218
0 0.3038194444444444 0.36342592592592593 0.02044753086419753 0.028292181069958847
0 0.34143518518518523 0.3392489711934156 0.022376543209876542 0.030349794238683128
0 0.31230709876543206 0.330761316872428 0.021219135802469136 0.033950617283950615
0 0.2920524691358025 0.33487654320987653 0.021604938271604937 0.027777777777777776
0 0.32600308641975306 0.31635802469135804 0.020061728395061727 0.023662551440329218
0 0.3431712962962963 0.30606995884773663 0.02507716049382716 0.03292181069958848
0 0.363233024691358 0.29552469135802467 0.021219135802469136 0.028292181069958847
0 0.34683641975308643 0.2752057613168724 0.018518518518518517 0.030864197530864196
0 0.3179012345679012 0.2813786008230453 0.018518518518518517 0.026748971193415638
0 0.39467592592592593 0.2908950617283951 0.021604938271604937 0.035493827160493825
0 0.4315200617283951 0.30324074074074076 0.021219135802469136 0.026234567901234566
0 0.41435185185185186 0.2952674897119342 0.016975308641975308 0.026748971193415638
0 0.42361111111111116 0.2816358024691358 0.022376543209876542 0.02726337448559671
0 0.4292052469135802 0.24794238683127573 0.02044753086419753 0.027777777777777776
0 0.3809799382716049 0.2525720164609053 0.018132716049382717 0.029835390946502057
0 0.36246141975308643 0.2528292181069959 0.018132716049382717 0.025205761316872428
0 0.32349537037037035 0.24228395061728394 0.022762345679012346 0.0257201646090535
0 0.33275462962962965 0.2631172839506173 0.019675925925925927 0.02417695473251029
0 0.339891975308642 0.24511316872427982 0.023919753086419752 0.02417695473251029
0 0.4014274691358025 0.2235082304526749 0.019675925925925927 0.022119341563786008
0 0.3643904320987654 0.2006172839506173 0.02199074074074074 0.0257201646090535
