0 0.21346153846153845 0.9157043879907621 0.023846153846153847 0.053117782909930716
0 0.23461538461538461 0.8752886836027713 0.026153846153846153 0.03464203233256351
0 0.1773076923076923 0.894919168591224 0.026923076923076925 0.04387990762124711
0 0.06153846153846154 0.793879907621247 0.024615384615384615 0.05658198614318707
0 0.025384615384615384 0.7990762124711317 0.027692307692307693 0.046189376443418015
0 0.26576923076923076 0.9087759815242494 0.02846153846153846 0.050808314087759814
0 0.25461538461538463 0.9711316397228638 0.026153846153846153 0.03002309468822171
0 0.23615384615384616 0.7973441108545034 0.02923076923076923 0.05196304849884527
0 0.29423076923076924 0.8822170900692841 0.019230769230769232 0.04157043879907621
0 0.34692307692307695 0.8573903002309469 0.03230769230769231 0.049653579676674366
0 0.3161538461538462 0.8065819861431871 0.023076923076923078 0.049653579676674366
0 0.3503846153846154 0.8060046189376443 0.025384615384615384 0.04849884526558892
0 0.11846153846153847 0.9722863741339491 0.03230769230769231 0.025404157043879907
0 0.33076923076923076 0.9266743648960739 0.02 0.04734411085450346
0 0.46192307692307694 0.9076212471131639 0.025384615384615384 0.03695150115473441
0 0.35384615384615387 0.9849884526558892 0.024615384615384615 0.03002309468822171
0 0.47923076923076924 0.9826789838337182 0.024615384615384615 0.03464203233256351
0 0.475 0.8672055427251733 0.022307692307692306 0.04387990762124711
0 0.545 0.8920323325635104 0.031538461538461536 0.03810623556581986
0 0.495 0.8233256351039261 0.022307692307692306 0.053117782909930716
0 0.5407692307692308 0.8556581986143187 0.024615384615384615 0.03926096997690531
0 0.4673076923076923 0.745958429561201 0.02076923076923077 0.050808314087759814
0 0.34384615384615386 0.6385681293302541 0.02923076923076923 0.053117782909930716
0 0.5476923076923077 0.7632794457274827 0.018461538461538463 0.03464203233256351
0 0.5242307692307693 0.7586605080831409 0.022307692307692306 0.04387990762124711
0 0.5246153846153846 0.670323325635104 0.03230769230769231 0.03117782909930716
0 0.4969230769230769 0.6651270207852193 0.023076923076923078 0.046189376443418015
0 0.5065384615384615 0.6397228637413395 0.02076923076923077 0.046189376443418015
0 0.4684615384615385 0.7003464203233256 0.03230769230769231 0.042725173210161664
0 0.9657692307692308 0.9532332563510393 0.031538461538461536 0.061200923787528866
0 0.9030769230769231 0.8366050808314087 0.02923076923076923 0.04734411085450346
0 0.7857692307692308 0.7644341801385681 0.03 0.03926096997690531
0 0.82 0.7465357967667436 0.038461538461538464 0.04503464203233257
0 0.7503846153846154 0.9549653579676675 0.02846153846153846 0.03002309468822171
0 0.7361538461538462 0.8568129330254042 0.024615384615384615 0.03926096997690531
0 0.7430769230769231 0.7806004618937644 0.02 0.03464203233256351
0 0.6576923076923077 0.6530023094688222 0.023076923076923078 0.04041570438799076
0 0.7161538461538461 0.7090069284064665 0.027692307692307693 0.050808314087759814
0 0.6219230769230769 0.5392609699769053 0.03 0.04849884526558892
0 0.9703846153846154 0.7147806004618937 0.03461538461538462 0.053117782909930716
0 0.9596153846153846 0.7996535796766744 0.03 0.04041570438799076
0 0.95 0.6882217090069285 0.033846153846153845 0.05542725173210162
0 0.9215384615384615 0.7020785219399538 0.04 0.053117782909930716
0 0.7757692307692308 0.5866050808314087 0.031538461538461536 0.04157043879907621
0 0.9715384615384616 0.5889145496535797 0.021538461538461538 0.04849884526558892
0 0.7361538461538462 0.5115473441108545 0.03076923076923077 0.04157043879907621
0 0.7553846153846154 0.5046189376443417 0.023076923076923078 0.03464203233256351
0 0.7430769230769231 0.47344110854503463 0.027692307692307693 0.053117782909930716
0 0.713076923076923 0.4849884526558892 0.026153846153846153 0.06466512702078522
0 0.9803846153846154 0.418013856812933 0.03 0.05542725173210162
0 0.9569230769230769 0.45669745958429564 0.03076923076923077 0.04503464203233257
0 0.9403846153846154 0.5161662817551963 0.02076923076923077 0.03926096997690531
0 0.9338461538461539 0.4428406466512702 0.024615384615384615 0.049653579676674366
0 0.8965384615384615 0.48903002309468824 0.025384615384615384 0.03348729792147806
0 0.88 0.46247113163972287 0.023076923076923078 0.04041570438799076
0 0.8819230769230769 0.4284064665127021 0.025384615384615384 0.03926096997690531
0 0.8984615384615384 0.38106235565819857 0.023076923076923078 0.04387990762124711
0 0.865 0.355080831408776 0.01769230769230769 0.03579676674364896
0 0.8476923076923077 0.3545034642032333 0.016923076923076923 0.046189376443418015
0 0.8226923076923077 0.3625866050808314 0.031538461538461536 0.03695150115473441
0 0.811923076923077 0.3227482678983834 0.03307692307692308 0.05196304849884527
0 0.8969230769230769 0.2165127020785219 0.021538461538461538 0.05196304849884527
0 0.8861538461538462 0.2759815242494227 0.027692307692307693 0.04387990762124711
0 0.8546153846153847 0.15935334872979212 0.033846153846153845 0.04849884526558892
0 0.8846153846153846 0.14203233256351044 0.023076923076923078 0.046189376443418015
0 0.8723076923076923 0.22459584295612012 0.018461538461538463 0.04041570438799076
0 0.8438461538461538 0.21593533487297922 0.024615384615384615 0.050808314087759814
0 0.7957692307692308 0.4497690531177829 0.02076923076923077 0.03810623556581986
0 0.8507692307692307 0.46420323325635104 0.024615384615384615 0.04387990762124711
0 0.765 0.3787528868360277 0.025384615384615384 0.03926096997690531
0 0.7553846153846154 0.3481524249422633 0.03076923076923077 0.03348729792147806
0 0.6138461538461538 0.6079676674364896 0.02923076923076923 0.03579676674364896
0 0.5815384615384616 0.37644341801385683 0.03538461538461538 0.053117782909930716
0 0.6034615384615385 0.4093533487297921 0.023846153846153847 0.05196304849884527
0 0.6103846153846154 0.34411085450346424 0.02846153846153846 0.053117782909930716
0 0.6034615384615385 0.3071593533487298 0.02846153846153846 0.04157043879907621
0 0.4946153846153846 0.4203233256351039 0.026153846153846153 0.050808314087759814
0 0.5153846153846153 0.43937644341801385 0.026153846153846153 0.042725173210161664
0 0.48 0.49653579676674364 0.026153846153846153 0.04387990762124711
0 0.4696153846153846 0.44053117782909934 0.025384615384615384 0.04734411085450346
0 0.5061538461538462 0.39838337182448036 0.024615384615384615 0.050808314087759814
0 0.5173076923076924 0.5727482678983833 0.025384615384615384 0.04387990762124711
0 0.536923076923077 0.5583140877598152 0.023076923076923078 0.03117782909930716
0 0.5538461538461539 0.5542725173210161 0.026153846153846153 0.04157043879907621
0 0.4473076923076923 0.6403002309468822 0.022307692307692306 0.03579676674364896
0 0.4269230769230769 0.588337182448037 0.026153846153846153 0.04503464203233257
0 0.4076923076923077 0.5675519630484989 0.03230769230769231 0.05889145496535797
0 0.5042307692307693 0.3204387990762124 0.03 0.04041570438799076
0 0.3496153846153846 0.5767898383371824 0.02846153846153846 0.05658198614318707
0 0.33615384615384614 0.5323325635103926 0.03076923076923077 0.046189376443418015
0 0.3619230769230769 0.4930715935334873 0.022307692307692306 0.046189376443418015
0 0.3396153846153846 0.4838337182448037 0.025384615384615384 0.053117782909930716
0 0.3180769230769231 0.4919168591224018 0.026923076923076925 0.053117782909930716
0 0.21923076923076923 0.504041570438799 0.023076923076923078 0.05196304849884527
0 0.20961538461538462 0.47344110854503463 0.025384615384615384 0.04849884526558892
0 0.22923076923076924 0.575635103926097 0.02923076923076923 0.028868360277136258
0 0.22846153846153847 0.5981524249422633 0.03076923076923077 0.03002309468822171
0 0.1626923076923077 0.586027713625866 0.02846153846153846 0.04503464203233257
0 0.29 0.4289838337182448 0.024615384615384615 0.049653579676674366
0 0.3219230769230769 0.4434180138568129 0.026923076923076925 0.050808314087759814
0 0.2680769230769231 0.48672055427251737 0.03 0.05196304849884527
0 0.26269230769230767 0.3960739030023095 0.026923076923076925 0.05542725173210162
0 0.23 0.437066974595843 0.021538461538461538 0.04041570438799076
0 0.3819230769230769 0.3169745958429562 0.03 0.05658198614318707
0 0.30615384615384617 0.38337182448036955 0.024615384615384615 0.04387990762124711
0 0.3280769230769231 0.378175519630485 0.01769230769230769 0.03810623556581986
0 0.19576923076923078 0.378175519630485 0.022307692307692306 0.03810623556581986
0 0.23576923076923076 0.2892609699769053 0.019230769230769232 0.03348729792147806
0 0.2692307692307692 0.1212471131639723 0.03076923076923077 0.057736720554272515
0 0.2611538461538462 0.04272517321016167 0.03307692307692308 0.06235565819861432
0 0.3953846153846154 0.12471131639722866 0.027692307692307693 0.05542725173210162
0 0.34807692307692306 0.08314087759815247 0.025384615384615384 0.04157043879907621
0 0.21423076923076922 0.03290993071593529 0.03769230769230769 0.05658198614318707
