0 0.166796875 0.9466588511137163 0.06796875 0.10668229777256741
0 0.220703125 0.9349355216881594 0.08046875 0.11840562719812427
0 0.315234375 0.8663540445486518 0.06796875 0.13599062133645956
0 0.38125 0.9525205158264948 0.08125 0.09026963657678781
0 0.39296875 0.8065650644783118 0.0734375 0.11254396248534584
0 0.4265625 0.6969519343493552 0.078125 0.11840562719812427
0 0.371484375 0.514654161781946 0.06953125 0.10316529894490035
0 0.425 0.5814771395076201 0.0765625 0.1242672919109027
0 0.53046875 0.5117233294255569 0.0734375 0.12075029308323564
0 0.46171875 0.44372801875732704 0.065625 0.14654161781946073
0 0.322265625 0.37514654161781946 0.07265625 0.13599062133645956
0 0.3890625 0.39331770222743256 0.0734375 0.1488862837045721
0 0.191796875 0.31594372801875736 0.06484375 0.1324736225087925
0 0.082421875 0.3212192262602579 0.06171875 0.11488862837045721
0 0.12890625 0.09671746776084411 0.06875 0.11137162954279015
0 0.179296875 0.1377491207502931 0.06015625 0.09261430246189918
0 0.3984375 0.21453692848769046 0.0765625 0.1242672919109027
0 0.5046875 0.3323563892145369 0.0703125 0.10668229777256741
0 0.578515625 0.3710433763188745 0.05078125 0.09730363423212192
0 0.51328125 0.21688159437280186 0.065625 0.1242672919109027
0 0.442578125 0.31008206330597887 0.06796875 0.1160609613130129
0 0.3203125 0.5169988276670574 0.06875 0.11488862837045721
0 0.14921875 0.5275498241500587 0.0578125 0.11254396248534584
0 0.190625 0.5984759671746775 0.0703125 0.08323563892145369
