0 0.333125 0.9266666666666666 0.03875 0.05
0 0.4275 0.9333333333333333 0.035 0.05333333333333334
0 0.281875 0.7483333333333333 0.02875 0.05
0 0.040000000000000036 0.8725 0.045 0.06166666666666667
0 0.08062499999999995 0.94 0.02625 0.04
0 0.5918749999999999 0.9433333333333334 0.03125 0.04
0 0.635625 0.8891666666666667 0.03375 0.041666666666666664
0 0.606875 0.845 0.02625 0.04
0 0.56 0.9891666666666666 0.025 0.021666666666666667
0 0.535625 0.9883333333333333 0.03125 0.023333333333333334
0 0.835 0.9308333333333333 0.045 0.045
0 0.81875 0.9616666666666667 0.0275 0.03666666666666667
0 0.645 0.7941666666666667 0.03 0.03833333333333333
0 0.020000000000000018 0.7975 0.04 0.035
0 0.05874999999999997 0.6583333333333333 0.0325 0.04666666666666667
0 0.083125 0.6216666666666667 0.03875 0.043333333333333335
0 0.12 0.5841666666666666 0.025 0.03833333333333333
0 0.08875 0.5991666666666666 0.03 0.025
0 0.1725 0.6008333333333333 0.025 0.03166666666666667
0 0.15812499999999996 0.5775 0.02875 0.03166666666666667
0 0.10812500000000003 0.5275 0.02625 0.035
0 0.15249999999999997 0.5 0.0225 0.03
0 0.1975 0.45166666666666666 0.0275 0.03666666666666667
0 0.13875000000000004 0.3933333333333333 0.0375 0.04
0 0.08875 0.395 0.0275 0.03666666666666667
0 0.06187500000000001 0.38666666666666666 0.02875 0.03666666666666667
0 0.028750000000000053 0.33916666666666667 0.03 0.045
0 0.13312500000000005 0.3283333333333333 0.03125 0.043333333333333335
0 0.1975 0.30333333333333334 0.0275 0.04
0 0.23375 0.3408333333333333 0.0225 0.035
0 0.07750000000000001 0.235 0.0225 0.03666666666666667
0 0.055625000000000036 0.24 0.02375 0.03
0 0.22250000000000003 0.25333333333333335 0.0225 0.03
0 0.24 0.22666666666666666 0.0225 0.03
0 0.20937499999999998 0.22 0.01875 0.03666666666666667
0 0.34562499999999996 0.18333333333333332 0.02125 0.03333333333333333
0 0.32999999999999996 0.3025 0.0225 0.03833333333333333
0 0.34562499999999996 0.31083333333333335 0.02125 0.03166666666666667
0 0.30562500000000004 0.27 0.02375 0.03
0 0.2925 0.31083333333333335 0.0225 0.03166666666666667
0 0.410625 0.4683333333333333 0.02875 0.03333333333333333
0 0.4 0.4483333333333333 0.025 0.03666666666666667
0 0.401875 0.5241666666666667 0.02625 0.035
0 0.365625 0.56 0.02625 0.03333333333333333
0 0.38125 0.5941666666666666 0.0225 0.03166666666666667
0 0.32999999999999996 0.5466666666666666 0.0275 0.043333333333333335
0 0.584375 0.49166666666666664 0.02125 0.03
0 0.578125 0.5241666666666667 0.02375 0.03166666666666667
0 0.5643750000000001 0.5008333333333334 0.02375 0.03166666666666667
0 0.489375 0.545 0.02375 0.03333333333333333
0 0.506875 0.5566666666666666 0.01625 0.03
0 0.48624999999999996 0.565 0.025 0.023333333333333334
0 0.5237499999999999 0.575 0.0325 0.02666666666666667
0 0.544375 0.575 0.02125 0.02666666666666667
0 0.59625 0.4558333333333333 0.02 0.028333333333333332
0 0.573125 0.4583333333333333 0.02125 0.03
0 0.5375 0.5033333333333333 0.0225 0.02666666666666667
0 0.534375 0.4825 0.02125 0.028333333333333332
0 0.51 0.48333333333333334 0.0275 0.03666666666666667
0 0.49750000000000005 0.45666666666666667 0.0275 0.03333333333333333
0 0.47875 0.4775 0.03 0.035
0 0.436875 0.5 0.03125 0.03666666666666667
0 0.7381249999999999 0.7025 0.03125 0.03833333333333333
0 0.653125 0.7658333333333334 0.02875 0.03833333333333333
0 0.5375 0.7283333333333334 0.0325 0.04
0 0.57375 0.7508333333333334 0.0225 0.03833333333333333
0 0.57375 0.6675 0.03 0.03833333333333333
0 0.65375 0.7341666666666666 0.03 0.03166666666666667
0 0.59125 0.6966666666666667 0.03 0.03666666666666667
0 0.784375 0.7933333333333333 0.02875 0.03
0 0.700625 0.5233333333333333 0.03125 0.03
0 0.7268749999999999 0.5091666666666667 0.02625 0.03833333333333333
0 0.88125 0.9091666666666667 0.0325 0.045
0 0.910625 0.7433333333333333 0.03125 0.04
0 0.93875 0.72 0.0325 0.03333333333333333
0 0.944375 0.75 0.02875 0.04
0 0.971875 0.7491666666666666 0.02375 0.041666666666666664
0 0.9625 0.785 0.0225 0.03
0 0.899375 0.7033333333333334 0.02875 0.03666666666666667
0 0.934375 0.6925 0.02625 0.035
0 0.958125 0.69 0.02375 0.03333333333333333
0 0.923125 0.645 0.02875 0.043333333333333335
0 0.939375 0.63 0.03125 0.04
0 0.45375 0.44 0.0325 0.04
0 0.89125 0.5191666666666667 0.03 0.035
0 0.96 0.3875 0.025 0.041666666666666664
0 0.944375 0.37333333333333335 0.02625 0.02666666666666667
0 0.89 0.42 0.0325 0.03
0 0.894375 0.4525 0.02875 0.03833333333333333
0 0.846875 0.4483333333333333 0.03125 0.03
0 0.833125 0.5691666666666667 0.02625 0.028333333333333332
0 0.754375 0.57 0.03375 0.04
0 0.76875 0.5816666666666667 0.0325 0.043333333333333335
0 0.845625 0.6441666666666667 0.02375 0.041666666666666664
0 0.823125 0.63 0.02875 0.04
0 0.7262500000000001 0.3358333333333333 0.0275 0.035
0 0.693125 0.3625 0.02875 0.035
0 0.659375 0.36083333333333334 0.03125 0.03833333333333333
0 0.71625 0.3925 0.03 0.041666666666666664
0 0.675 0.49833333333333335 0.0225 0.03
0 0.5331250000000001 0.41333333333333333 0.03375 0.04
0 0.3025 0.1275 0.025 0.028333333333333332
0 0.27749999999999997 0.125 0.02 0.02666666666666667
0 0.31062500000000004 0.23916666666666667 0.02625 0.03166666666666667
0 0.37312500000000004 0.11583333333333333 0.02625 0.041666666666666664
0 0.38 0.1475 0.02 0.028333333333333332
0 0.505625 0.2866666666666667 0.02875 0.04
0 0.608125 0.2708333333333333 0.02375 0.03166666666666667
0 0.59625 0.16666666666666666 0.03 0.02666666666666667
0 0.421875 0.025 0.02375 0.03
0 0.42000000000000004 0.05333333333333334 0.0275 0.03333333333333333
0 0.45625000000000004 0.12416666666666666 0.02 0.025
0 0.610625 0.0125 0.01875 0.025
0 0.59125 0.015833333333333335 0.02 0.028333333333333332
0 0.3425 0.015833333333333335 0.0225 0.025
0 0.36812500000000004 0.013333333333333334 0.02125 0.02666666666666667
0 0.20625000000000004 0.024166666666666666 0.02 0.035
