0 0.033203125 0.04427083333333337 0.046875 0.052083333333333336
0 0.04833984375 0.07747395833333337 0.0380859375 0.05859375
0 0.0078125 0.08138020833333337 0.015625 0.04296875
0 0.22021484375 0.275390625 0.0283203125 0.045572916666666664
0 0.25537109375 0.27864583333333337 0.0419921875 0.059895833333333336
0 0.2783203125 0.318359375 0.033203125 0.03515625
0 0.31689453125 0.24674479166666663 0.0302734375 0.06901041666666667
0 0.28515625 0.19596354166666663 0.04296875 0.07421875
0 0.28955078125 0.11979166666666663 0.0380859375 0.06770833333333333
0 0.2646484375 0.11458333333333337 0.03515625 0.06510416666666667
0 0.31787109375 0.12044270833333337 0.0263671875 0.06640625
0 0.36376953125 0.10872395833333337 0.0322265625 0.05859375
0 0.43359375 0.15104166666666663 0.033203125 0.0390625
0 0.423828125 0.21614583333333337 0.046875 0.0546875
0 0.3984375 0.27604166666666663 0.03515625 0.041666666666666664
0 0.33544921875 0.5006510416666667 0.0478515625 0.061197916666666664
0 0.3994140625 0.39388020833333337 0.05859375 0.07942708333333333
0 0.4365234375 0.41927083333333337 0.044921875 0.06510416666666667
0 0.46435546875 0.373046875 0.0556640625 0.07682291666666667
0 0.54150390625 0.35026041666666663 0.0498046875 0.078125
0 0.501953125 0.24283854166666663 0.052734375 0.07942708333333333
0 0.537109375 0.17447916666666663 0.05078125 0.0703125
0 0.64794921875 0.17643229166666663 0.0478515625 0.07942708333333333
0 0.62353515625 0.23828125 0.0537109375 0.0703125
0 0.74267578125 0.21809895833333337 0.0478515625 0.07161458333333333
0 0.6767578125 0.27083333333333337 0.044921875 0.07552083333333333
0 0.7470703125 0.30208333333333337 0.046875 0.0703125
0 0.76806640625 0.36067708333333337 0.0537109375 0.0703125
0 0.6689453125 0.33984375 0.060546875 0.08072916666666667
0 0.62255859375 0.3359375 0.0341796875 0.057291666666666664
0 0.63818359375 0.39453125 0.0419921875 0.0625
0 0.69384765625 0.44791666666666663 0.0224609375 0.07291666666666667
0 0.66748046875 0.455078125 0.0400390625 0.06640625
0 0.75341796875 0.45638020833333337 0.0498046875 0.08723958333333333
0 0.7646484375 0.5657552083333333 0.044921875 0.07161458333333333
0 0.97705078125 0.40494791666666663 0.0458984375 0.06770833333333333
0 0.97607421875 0.45247395833333337 0.0478515625 0.07161458333333333
0 0.95654296875 0.5735677083333333 0.0498046875 0.08203125
0 0.84765625 0.5865885416666667 0.044921875 0.05859375
0 0.55712890625 0.662109375 0.0537109375 0.08723958333333333
0 0.51220703125 0.6276041666666667 0.0400390625 0.07291666666666667
0 0.59912109375 0.8040364583333334 0.0615234375 0.07161458333333333
0 0.70703125 0.783203125 0.048828125 0.07942708333333333
0 0.63916015625 0.796875 0.0517578125 0.06510416666666667
0 0.77734375 0.78515625 0.046875 0.057291666666666664
0 0.783203125 0.7272135416666667 0.05078125 0.07682291666666667
0 0.822265625 0.67578125 0.03515625 0.049479166666666664
0 0.84912109375 0.6341145833333333 0.0380859375 0.0625
0 0.97607421875 0.6634114583333333 0.0478515625 0.08203125
0 0.90234375 0.7096354166666667 0.046875 0.08333333333333333
0 0.951171875 0.7220052083333333 0.0546875 0.08984375
0 0.9755859375 0.7955729166666666 0.048828125 0.08854166666666667
0 0.95703125 0.876953125 0.052734375 0.08463541666666667
0 0.92724609375 0.8971354166666666 0.0517578125 0.08333333333333333
0 0.87890625 0.8763020833333334 0.05078125 0.08072916666666667
0 0.82470703125 0.8606770833333334 0.0302734375 0.0625
0 0.84765625 0.8736979166666666 0.03125 0.06770833333333333
0 0.888671875 0.8046875 0.046875 0.08072916666666667
0 0.83642578125 0.9205729166666666 0.0517578125 0.049479166666666664
0 0.80078125 0.96875 0.05859375 0.0625
0 0.3623046875 0.8248697916666666 0.037109375 0.061197916666666664
0 0.38427734375 0.8658854166666666 0.0478515625 0.057291666666666664
0 0.49853515625 0.935546875 0.0498046875 0.07161458333333333
0 0.63232421875 0.880859375 0.0498046875 0.061197916666666664
0 0.59228515625 0.9088541666666666 0.0341796875 0.06770833333333333
