0 0.0890625 0.27431906614785995 0.04479166666666667 0.08482490272373541
0 0.13697916666666668 0.30000000000000004 0.04479166666666667 0.07704280155642024
0 0.0859375 0.3918287937743191 0.03854166666666667 0.05525291828793774
0 0.12083333333333333 0.4249027237354086 0.04791666666666667 0.08093385214007782
0 0.14036458333333332 0.664591439688716 0.0359375 0.06536964980544747
0 0.14817708333333332 0.777431906614786 0.030729166666666665 0.049805447470817124
0 0.16796875 0.7941634241245137 0.030729166666666665 0.047470817120622566
0 0.10364583333333334 0.9610894941634242 0.03958333333333333 0.06536964980544747
0 0.7609375 0.6 0.04791666666666667 0.09182879377431907
0 0.13828125 0.048638132295719894 0.021354166666666667 0.045914396887159536
0 0.1203125 0.07354085603112837 0.035416666666666666 0.047470817120622566
0 0.15416666666666667 0.08482490272373544 0.03958333333333333 0.04357976653696498
0 0.7755208333333333 0.3178988326848249 0.053125 0.09260700389105059
0 0.74453125 0.2712062256809339 0.0671875 0.09883268482490272
0 0.70625 0.35214007782101164 0.04895833333333333 0.09105058365758754
0 0.7080729166666667 0.556420233463035 0.0578125 0.08249027237354085
0 0.6916666666666667 0.44357976653696496 0.03854166666666667 0.051361867704280154
0 0.6359375 0.4513618677042801 0.03333333333333333 0.07937743190661478
0 0.6072916666666667 0.4571984435797666 0.03958333333333333 0.0754863813229572
0 0.59609375 0.515953307392996 0.04114583333333333 0.07315175097276265
0 0.45677083333333335 0.727626459143969 0.020833333333333332 0.045136186770428015
0 0.4739583333333333 0.7237354085603113 0.025 0.05291828793774319
0 0.48828125 0.6513618677042802 0.0296875 0.045136186770428015
