0 0.9019230769230769 0.14705882352941177 0.019230769230769232 0.0506155950752394
0 0.7988461538461539 0.14432284541723667 0.02846153846153846 0.0506155950752394
0 0.7680769230769231 0.20177838577291382 0.026923076923076925 0.06703146374829001
0 0.7365384615384616 0.12995896032831739 0.025384615384615384 0.04377564979480164
0 0.6811538461538462 0.10601915184678523 0.025384615384615384 0.047879616963064295
0 0.8423076923076923 0.11149110807113544 0.026153846153846153 0.04514363885088919
0 0.6603846153846153 0.21272229822161423 0.02846153846153846 0.0533515731874145
0 0.5923076923076923 0.27975376196990426 0.03076923076923077 0.0560875512995896
0 0.35923076923076924 0.11559507523939809 0.027692307692307693 0.06155950752393981
0 0.3023076923076923 0.106703146374829 0.026153846153846153 0.046511627906976744
0 0.2515384615384615 0.04103967168262654 0.033846153846153845 0.049247606019151846
0 0.22269230769230774 0.13885088919288646 0.03 0.0506155950752394
0 0.2742307692307693 0.33105335157318744 0.02846153846153846 0.05198358413132695
0 0.30653846153846154 0.34131326949384405 0.02846153846153846 0.06429548563611491
0 0.43192307692307697 0.21956224350205197 0.03 0.0506155950752394
0 0.39076923076923076 0.2954856361149111 0.03538461538461538 0.057455540355677154
0 0.40846153846153843 0.3372093023255814 0.03230769230769231 0.058823529411764705
0 0.38384615384615384 0.3543091655266758 0.02923076923076923 0.05471956224350205
0 0.446923076923077 0.3590971272229822 0.03230769230769231 0.0506155950752394
0 0.47461538461538466 0.37277701778385774 0.03076923076923077 0.06976744186046512
0 0.4715384615384616 0.3221614227086183 0.026153846153846153 0.047879616963064295
0 0.49884615384615383 0.3084815321477428 0.02846153846153846 0.047879616963064295
0 0.41192307692307695 0.3857729138166895 0.03 0.049247606019151846
0 0.38769230769230767 0.4370725034199726 0.033846153846153845 0.04240766073871409
0 0.33115384615384613 0.466484268125855 0.03461538461538462 0.046511627906976744
0 0.4623076923076923 0.49179206566347466 0.02923076923076923 0.047879616963064295
0 0.7126923076923077 0.573187414500684 0.025384615384615384 0.06839945280437756
0 0.7692307692307692 0.6634746922024624 0.024615384615384615 0.049247606019151846
0 0.7511538461538462 0.652530779753762 0.019230769230769232 0.03556771545827633
0 0.7738461538461539 0.7086183310533516 0.026153846153846153 0.05471956224350205
0 0.7938461538461539 0.7099863201094391 0.024615384615384615 0.046511627906976744
0 0.6738461538461539 0.6080711354309165 0.024615384615384615 0.04240766073871409
0 0.6861538461538461 0.6436388508891929 0.02 0.0506155950752394
0 0.6996153846153846 0.6703146374829001 0.019230769230769232 0.049247606019151846
0 0.7142307692307692 0.6600547195622435 0.01769230769230769 0.0533515731874145
0 0.6057692307692308 0.539671682626539 0.022307692307692306 0.0533515731874145
0 0.6569230769230769 0.5581395348837209 0.027692307692307693 0.049247606019151846
0 0.4423076923076923 0.5239398084815321 0.03076923076923077 0.08481532147742818
0 0.5069230769230769 0.5690834473324213 0.027692307692307693 0.07113543091655267
0 0.4823076923076923 0.5984952120383037 0.024615384615384615 0.06703146374829001
0 0.4492307692307692 0.6032831737346102 0.027692307692307693 0.060191518467852256
0 0.5065384615384616 0.6703146374829001 0.02846153846153846 0.049247606019151846
0 0.5411538461538461 0.6231190150478796 0.023846153846153847 0.06155950752393981
0 0.5226923076923077 0.5437756497948016 0.016153846153846154 0.07250341997264022
0 0.5253846153846153 0.5779753761969905 0.02 0.04240766073871409
0 0.5546153846153846 0.7093023255813954 0.024615384615384615 0.0533515731874145
0 0.3861538461538462 0.5601915184678523 0.026153846153846153 0.0560875512995896
0 0.40384615384615385 0.5752393980848153 0.027692307692307693 0.08344733242134063
0 0.365 0.5430916552667578 0.03 0.057455540355677154
0 0.3634615384615385 0.5923392612859097 0.03 0.05198358413132695
0 0.4311538461538461 0.7051983584131327 0.03307692307692308 0.058823529411764705
0 0.40538461538461534 0.7346101231190151 0.03230769230769231 0.03556771545827633
0 0.4257692307692308 0.7558139534883721 0.026923076923076925 0.06155950752393981
0 0.3388461538461538 0.6880984952120383 0.03769230769230769 0.049247606019151846
0 0.24807692307692308 0.5034199726402189 0.023846153846153847 0.06566347469220246
0 0.23076923076923073 0.5218878248974008 0.021538461538461538 0.0560875512995896
0 0.2073076923076923 0.48700410396716826 0.036153846153846154 0.04377564979480164
0 0.16884615384615387 0.6087551299589603 0.036153846153846154 0.04377564979480164
0 0.18346153846153845 0.6409028727770177 0.025384615384615384 0.0506155950752394
0 0.11307692307692307 0.6361149110807114 0.03076923076923077 0.046511627906976744
0 0.1515384615384615 0.6573187414500684 0.024615384615384615 0.06429548563611491
0 0.2103846153846154 0.7086183310533516 0.023846153846153847 0.057455540355677154
0 0.15384615384615385 0.7681258549931601 0.026153846153846153 0.058823529411764705
0 0.21576923076923082 0.7523939808481532 0.03461538461538462 0.03556771545827633
0 0.2484615384615385 0.8406292749658003 0.02923076923076923 0.06976744186046512
0 0.23769230769230765 0.8036935704514364 0.026153846153846153 0.0560875512995896
0 0.22230769230769232 0.847469220246238 0.023076923076923078 0.06155950752393981
0 0.3061538461538461 0.6908344733242134 0.03076923076923077 0.04377564979480164
0 0.16153846153846152 0.8714090287277702 0.024615384615384615 0.060191518467852256
0 0.3469230769230769 0.9705882352941176 0.024615384615384615 0.058823529411764705
0 0.1446153846153846 0.9309165526675787 0.026153846153846153 0.0560875512995896
0 0.11961538461538457 0.9316005471956225 0.025384615384615384 0.06839945280437756
0 0.10384615384615381 0.9760601915184679 0.033846153846153845 0.04240766073871409
0 0.1546153846153846 0.9822161422708618 0.024615384615384615 0.03556771545827633
0 0.06999999999999995 0.9651162790697675 0.03076923076923077 0.04240766073871409
0 0.24269230769230765 0.960328317373461 0.023846153846153847 0.049247606019151846
0 0.23461538461538467 0.8891928864569083 0.024615384615384615 0.05471956224350205
0 0.541923076923077 0.9445964432284542 0.023846153846153847 0.0506155950752394
0 0.43038461538461537 0.9746922024623803 0.026923076923076925 0.0506155950752394
0 0.3980769230769231 0.9808481532147743 0.02846153846153846 0.03556771545827633
