0 0.7118610223642172 0.8311820652173914 0.025958466453674122 0.03872282608695652
0 0.612220447284345 0.9585597826086957 0.02476038338658147 0.04076086956521739
0 0.5816693290734825 0.953125 0.019568690095846646 0.03804347826086957
0 0.5930511182108626 0.9174592391304348 0.02156549520766773 0.03736413043478261
0 0.6134185303514377 0.9222146739130435 0.0231629392971246 0.03328804347826087
0 0.5872603833865815 0.8845108695652174 0.021166134185303515 0.033967391304347824
0 0.590055910543131 0.8539402173913043 0.022763578274760384 0.036684782608695655
0 0.4077476038338658 0.8549592391304348 0.019169329073482427 0.04008152173913043
0 0.4167332268370607 0.8322010869565217 0.018769968051118212 0.035326086956521736
0 0.40115814696485624 0.8260869565217391 0.018769968051118212 0.033967391304347824
0 0.4980031948881789 0.779891304347826 0.01757188498402556 0.036684782608695655
0 0.4532747603833866 0.7574728260869565 0.018370607028753993 0.03260869565217391
0 0.461461661341853 0.7547554347826086 0.01637380191693291 0.036684782608695655
0 0.4329073482428115 0.7550951086956521 0.022364217252396165 0.03192934782608696
0 0.44868210862619806 0.7238451086956521 0.022763578274760384 0.036005434782608696
0 0.5007987220447284 0.7224864130434783 0.019968051118210862 0.029211956521739132
0 0.47743610223642174 0.6888586956521738 0.02036741214057508 0.04483695652173913
0 0.4914137380191693 0.6582880434782609 0.02036741214057508 0.042119565217391304
0 0.5243610223642172 0.6875 0.019968051118210862 0.04076086956521739
0 0.5455271565495208 0.7466032608695652 0.019169329073482427 0.029891304347826088
0 0.5531150159744409 0.7153532608695652 0.020766773162939296 0.03940217391304348
0 0.5623003194888179 0.6881793478260869 0.015175718849840255 0.03804347826086957
0 0.575279552715655 0.6939538043478262 0.017172523961661343 0.041440217391304345
0 0.5916533546325878 0.6810461956521738 0.017971246006389777 0.03736413043478261
0 0.5924520766773163 0.8128396739130435 0.018769968051118212 0.030570652173913044
0 0.6487619808306709 0.7965353260869565 0.021166134185303515 0.04008152173913043
0 0.6367811501597445 0.765625 0.026757188498402557 0.04619565217391304
0 0.6657348242811502 0.7612092391304348 0.023961661341853034 0.04008152173913043
0 0.6855031948881789 0.7350543478260869 0.024361022364217253 0.043478260869565216
0 0.7270367412140575 0.7754755434782609 0.02196485623003195 0.03872282608695652
0 0.705870607028754 0.7598505434782609 0.022763578274760384 0.04008152173913043
0 0.7228434504792333 0.7469429347826086 0.020766773162939296 0.034646739130434784
0 0.7012779552715654 0.7163722826086957 0.020766773162939296 0.036005434782608696
0 0.7160543130990416 0.7238451086956521 0.019169329073482427 0.041440217391304345
0 0.6611421725239617 0.6990489130434783 0.022763578274760384 0.04076086956521739
0 0.7024760383386581 0.6851222826086957 0.022364217252396165 0.04008152173913043
0 0.6499600638977636 0.65625 0.025958466453674122 0.04483695652173913
0 0.6875 0.6627038043478262 0.025159744408945688 0.041440217391304345
0 0.7557907348242812 0.6273777173913043 0.021166134185303515 0.03736413043478261
0 0.3939696485623003 0.6297554347826086 0.019568690095846646 0.03260869565217391
0 0.3678115015974441 0.6745923913043479 0.019968051118210862 0.036684782608695655
0 0.3620207667731629 0.5801630434782609 0.02036741214057508 0.03940217391304348
0 0.40175718849840253 0.5872961956521738 0.019968051118210862 0.03736413043478261
0 0.42551916932907347 0.5886548913043479 0.02036741214057508 0.03736413043478261
0 0.3883785942492013 0.5360054347826086 0.02036741214057508 0.04076086956521739
0 0.3985623003194888 0.5227581521739131 0.02156549520766773 0.04008152173913043
0 0.426517571884984 0.5203804347826086 0.02476038338658147 0.036684782608695655
0 0.4375 0.48845108695652173 0.02036741214057508 0.03804347826086957
0 0.4532747603833866 0.46875 0.02156549520766773 0.043478260869565216
0 0.4662539936102236 0.4894701086956522 0.017172523961661343 0.030570652173913044
0 0.5317492012779552 0.41881793478260865 0.02036741214057508 0.044157608695652176
0 0.4544728434504792 0.5197010869565217 0.018370607028753993 0.03940217391304348
0 0.4674520766773163 0.5237771739130435 0.022763578274760384 0.03940217391304348
0 0.5489217252396166 0.6097146739130435 0.02356230031948882 0.034646739130434784
0 0.5926517571884984 0.5954483695652174 0.020766773162939296 0.03872282608695652
0 0.5762779552715654 0.6131114130434783 0.020766773162939296 0.03736413043478261
0 0.4470846645367412 0.3991168478260869 0.017971246006389777 0.03736413043478261
0 0.46006389776357826 0.3783967391304348 0.019968051118210862 0.03940217391304348
0 0.6419728434504792 0.5227581521739131 0.02356230031948882 0.03872282608695652
0 0.6625399361022364 0.5264945652173914 0.0231629392971246 0.04076086956521739
0 0.6737220447284346 0.6222826086956521 0.0231629392971246 0.04483695652173913
0 0.7106629392971247 0.6328125 0.024361022364217253 0.041440217391304345
0 0.9097444089456869 0.3192934782608695 0.027955271565495207 0.05298913043478261
0 0.8753993610223643 0.3335597826086957 0.018370607028753993 0.04076086956521739
0 0.48961661341853036 0.2377717391304348 0.026357827476038338 0.036684782608695655
0 0.4241214057507987 0.2914402173913043 0.034345047923322686 0.051630434782608696
0 0.402555910543131 0.2119565217391305 0.026357827476038338 0.04483695652173913
0 0.43570287539936103 0.21331521739130432 0.027156549520766772 0.04755434782608696
0 0.43170926517571884 0.18274456521739135 0.02875399361022364 0.05434782608695652
0 0.6853035143769968 0.12771739130434778 0.027955271565495207 0.04755434782608696
0 0.6150159744408946 0.05978260869565222 0.031150159744408944 0.06114130434782609
0 0.45966453674121405 0.17697010869565222 0.020766773162939296 0.03872282608695652
0 0.4752396166134185 0.17493206521739135 0.018370607028753993 0.04551630434782609
0 0.4524760383386581 0.14639945652173914 0.022364217252396165 0.041440217391304345
0 0.4123402555910543 0.13756793478260865 0.021166134185303515 0.03736413043478261
0 0.3891773162939297 0.16949728260869568 0.017971246006389777 0.030570652173913044
0 0.38937699680511184 0.14809782608695654 0.01757188498402556 0.029891304347826088
0 0.3799920127795527 0.12907608695652173 0.017172523961661343 0.04076086956521739
0 0.3817891373801917 0.20448369565217395 0.015175718849840255 0.033967391304347824
0 0.3586261980830671 0.09375 0.018370607028753993 0.03260869565217391
0 0.2963258785942492 0.07710597826086951 0.018370607028753993 0.041440217391304345
0 0.2645766773162939 0.16711956521739135 0.017172523961661343 0.028532608695652172
0 0.21805111821086262 0.17934782608695654 0.020766773162939296 0.035326086956521736
0 0.213258785942492 0.05774456521739135 0.018370607028753993 0.04076086956521739
0 0.1711261980830671 0.010190217391304324 0.019568690095846646 0.020380434782608696
0 0.12180511182108626 0.011209239130434812 0.019169329073482427 0.022418478260869564
0 0.12599840255591055 0.044836956521739135 0.021166134185303515 0.04619565217391304
0 0.15215654952076677 0.08899456521739135 0.019968051118210862 0.03260869565217391
0 0.14376996805111822 0.14639945652173914 0.020766773162939296 0.04008152173913043
0 0.08746006389776358 0.13043478260869568 0.020766773162939296 0.04076086956521739
0 0.10862619808306709 0.14436141304347827 0.0231629392971246 0.03736413043478261
0 0.09904153354632587 0.2197690217391305 0.020766773162939296 0.042798913043478264
0 0.12020766773162939 0.23063858695652173 0.02156549520766773 0.03872282608695652
0 0.2637779552715655 0.29551630434782605 0.017172523961661343 0.04076086956521739
0 0.20227635782747605 0.24762228260869568 0.02036741214057508 0.03328804347826087
0 0.21845047923322683 0.32235054347826086 0.023961661341853034 0.044157608695652176
0 0.20307507987220447 0.3665081521739131 0.021166134185303515 0.036005434782608696
0 0.14217252396166133 0.45278532608695654 0.019169329073482427 0.03736413043478261
0 0.2454073482428115 0.33899456521739135 0.019568690095846646 0.036684782608695655
0 0.15694888178913738 0.46875 0.02156549520766773 0.024456521739130436
0 0.26557507987220447 0.3777173913043478 0.018370607028753993 0.035326086956521736
0 0.30630990415335463 0.4711277173913043 0.019968051118210862 0.036005434782608696
0 0.2104632587859425 0.5394021739130435 0.018370607028753993 0.02717391304347826
0 0.26357827476038337 0.5281929347826086 0.019169329073482427 0.03328804347826087
0 0.2797523961661342 0.5343070652173914 0.017172523961661343 0.026494565217391304
0 0.2847444089456869 0.5200407608695652 0.019968051118210862 0.029211956521739132
0 0.11142172523961662 0.31555706521739135 0.018370607028753993 0.041440217391304345
0 0.14317092651757188 0.3471467391304348 0.022763578274760384 0.042119565217391304
0 0.13158945686900958 0.2873641304347826 0.021166134185303515 0.03940217391304348
0 0.16313897763578275 0.6858016304347826 0.021166134185303515 0.04008152173913043
0 0.14716453674121405 0.6963315217391304 0.02196485623003195 0.035326086956521736
0 0.1647364217252396 0.6497961956521738 0.02036741214057508 0.030570652173913044
0 0.1483626198083067 0.6569293478260869 0.02036741214057508 0.036684782608695655
0 0.2176517571884984 0.6270380434782609 0.018370607028753993 0.028532608695652172
0 0.22144568690095848 0.6467391304347826 0.02036741214057508 0.03260869565217391
0 0.21805111821086262 0.5822010869565217 0.018370607028753993 0.033967391304347824
0 0.20626996805111822 0.5675951086956521 0.017971246006389777 0.03192934782608696
0 0.19588658146964857 0.6277173913043479 0.01637380191693291 0.03125
0 0.16992811501597443 0.6131114130434783 0.022763578274760384 0.030570652173913044
0 0.36421725239616615 0.6457201086956521 0.0231629392971246 0.03872282608695652
0 0.7671725239616614 0.3896059782608695 0.020766773162939296 0.041440217391304345
0 0.7484025559105432 0.41440217391304346 0.02156549520766773 0.04619565217391304
0 0.7813498402555911 0.35461956521739135 0.029952076677316294 0.04483695652173913
0 0.7891373801916933 0.31895380434782605 0.026357827476038338 0.04551630434782609
0 0.8164936102236422 0.30332880434782605 0.026757188498402557 0.052309782608695655
0 0.840055910543131 0.28125 0.03314696485623003 0.050271739130434784
0 0.7721645367412141 0.4368206521739131 0.02196485623003195 0.04891304347826087
0 0.9842252396166135 0.2822690217391305 0.021166134185303515 0.05366847826086957
0 0.9596645367412141 0.25407608695652173 0.020766773162939296 0.04076086956521739
0 0.9788338658146964 0.21127717391304346 0.022364217252396165 0.035326086956521736
0 0.9916134185303515 0.23199728260869568 0.016773162939297124 0.041440217391304345
0 0.8486421725239617 0.24184782608695654 0.019169329073482427 0.03804347826086957
0 0.8797923322683706 0.18682065217391308 0.025559105431309903 0.051630434782608696
0 0.7763578274760383 0.2629076086956522 0.0231629392971246 0.04619565217391304
0 0.5980431309904153 0.42663043478260865 0.02196485623003195 0.05434782608695652
0 0.8556309904153354 0.17119565217391308 0.02196485623003195 0.036684782608695655
0 0.8516373801916933 0.13247282608695654 0.02036741214057508 0.04076086956521739
0 0.9113418530351438 0.1416440217391305 0.02476038338658147 0.03872282608695652
0 0.8929712460063898 0.12058423913043481 0.02156549520766773 0.041440217391304345
0 0.9373003194888179 0.13145380434782605 0.020766773162939296 0.04551630434782609
0 0.9486821086261981 0.1650815217391305 0.017971246006389777 0.043478260869565216
0 0.963258785942492 0.17221467391304346 0.018370607028753993 0.041440217391304345
0 0.8380591054313099 0.10360054347826086 0.019568690095846646 0.042798913043478264
0 0.8945686900958466 0.03872282608695654 0.02476038338658147 0.04619565217391304
0 0.9159345047923323 0.014605978260869512 0.02196485623003195 0.029211956521739132
0 0.9287140575079872 0.037024456521739135 0.02196485623003195 0.03872282608695652
0 0.9746405750798722 0.03192934782608692 0.02196485623003195 0.043478260869565216
0 0.9406948881789138 0.018002717391304324 0.02196485623003195 0.036005434782608696
