0 0.7036363636363636 0.1545918367346939 0.02303030303030303 0.03979591836734694
0 0.6827272727272727 0.15816326530612246 0.016363636363636365 0.04081632653061224
0 0.49303030303030304 0.2673469387755102 0.018787878787878787 0.03469387755102041
0 0.4812121212121212 0.361734693877551 0.019393939393939394 0.0336734693877551
0 0.5021212121212121 0.3704081632653061 0.022424242424242423 0.03877551020408163
0 0.4921212121212121 0.3510204081632653 0.014545454545454545 0.026530612244897958
0 0.24696969696969698 0.4061224489795918 0.022424242424242423 0.04285714285714286
0 0.15212121212121213 0.3392857142857143 0.020606060606060607 0.03979591836734694
0 0.3187878787878788 0.2908163265306123 0.019393939393939394 0.03877551020408163
0 0.16515151515151516 0.34693877551020413 0.02484848484848485 0.030612244897959183
0 0.3090909090909091 0.2137755102040816 0.01575757575757576 0.03163265306122449
0 0.29333333333333333 0.20051020408163267 0.01696969696969697 0.03775510204081633
0 0.24878787878787878 0.22857142857142854 0.015151515151515152 0.024489795918367346
0 0.23939393939393938 0.20459183673469383 0.019393939393939394 0.0336734693877551
0 0.2581818181818182 0.2147959183673469 0.014545454545454545 0.025510204081632654
0 0.29454545454545455 0.514795918367347 0.02303030303030303 0.04591836734693878
0 0.3184848484848485 0.5770408163265306 0.021212121212121213 0.058163265306122446
0 0.22636363636363635 0.6780612244897959 0.02 0.04387755102040816
0 0.05545454545454546 0.5729591836734693 0.022424242424242423 0.04387755102040816
0 0.14272727272727273 0.6775510204081633 0.02727272727272727 0.053061224489795916
0 0.15272727272727274 0.7163265306122448 0.02303030303030303 0.04081632653061224
0 0.16727272727272727 0.8346938775510204 0.024242424242424242 0.05510204081632653
0 0.18727272727272729 0.7801020408163265 0.02181818181818182 0.03979591836734694
0 0.2736363636363636 0.8551020408163266 0.021212121212121213 0.04081632653061224
0 0.2915151515151515 0.8556122448979592 0.01575757575757576 0.04795918367346939
0 0.18848484848484848 0.9438775510204082 0.024242424242424242 0.04693877551020408
0 0.39 0.7785714285714286 0.03333333333333333 0.03877551020408163
0 0.3109090909090909 0.6295918367346939 0.025454545454545455 0.053061224489795916
0 0.4496969696969697 0.9005102040816326 0.02181818181818182 0.04387755102040816
0 0.49757575757575756 0.8908163265306123 0.01696969696969697 0.04081632653061224
0 0.5860606060606061 0.6270408163265306 0.019393939393939394 0.03571428571428571
0 0.6184848484848485 0.7959183673469388 0.018787878787878787 0.036734693877551024
0 0.6372727272727273 0.8280612244897959 0.017575757575757574 0.04591836734693878
0 0.43363636363636365 0.7147959183673469 0.013939393939393939 0.03163265306122449
0 0.7587878787878788 0.9540816326530612 0.01575757575757576 0.0326530612244898
0 0.7724242424242425 0.9658163265306122 0.017575757575757574 0.027551020408163266
