0 0.008101851851851851 0.12319958847736623 0.016203703703703703 0.038580246913580245
0 0.029320987654320986 0.11676954732510292 0.02700617283950617 0.033950617283950615
0 0.015817901234567902 0.10030864197530864 0.026234567901234566 0.037037037037037035
0 0.035493827160493825 0.15200617283950613 0.02546296296296296 0.035493827160493825
0 0.011959876543209876 0.1689814814814815 0.021604938271604937 0.03343621399176955
0 0.05015432098765432 0.13837448559670784 0.02546296296296296 0.030864197530864196
0 0.03973765432098766 0.01851851851851849 0.023148148148148147 0.03189300411522634
0 0.06886574074074074 0.04063786008230452 0.02199074074074074 0.03292181069958848
0 0.09047067901234568 0.04115226337448563 0.02353395061728395 0.033950617283950615
0 0.11516203703703703 0.08796296296296291 0.024305555555555556 0.03292181069958848
0 0.14371141975308643 0.0864197530864198 0.02662037037037037 0.0411522633744856
0 0.1556712962962963 0.04012345679012341 0.02353395061728395 0.03497942386831276
0 0.11091820987654322 0.2276234567901234 0.025848765432098766 0.035493827160493825
0 0.12345679012345678 0.19161522633744854 0.02854938271604938 0.03755144032921811
0 0.13753858024691357 0.21450617283950613 0.025848765432098766 0.03189300411522634
0 0.15779320987654322 0.2445987654320988 0.031635802469135804 0.03343621399176955
0 0.1570216049382716 0.1880144032921811 0.023919753086419752 0.035493827160493825
0 0.17785493827160495 0.2055041152263375 0.02546296296296296 0.03137860082304527
0 0.17997685185185186 0.16486625514403297 0.027391975308641976 0.03343621399176955
0 0.25636574074074076 0.24537037037037035 0.02353395061728395 0.03497942386831276
0 0.2700617283950617 0.2587448559670782 0.026234567901234566 0.033950617283950615
0 0.24691358024691357 0.19547325102880664 0.016203703703703703 0.024691358024691357
0 0.25135030864197533 0.17052469135802473 0.015817901234567902 0.026234567901234566
0 0.28877314814814814 0.10905349794238683 0.03125 0.047325102880658436
0 0.32947530864197533 0.13837448559670784 0.026234567901234566 0.03806584362139918
0 0.36516203703703703 0.12191358024691357 0.025848765432098766 0.03497942386831276
0 0.3549382716049383 0.1337448559670782 0.016975308641975308 0.024691358024691357
0 0.3506944444444444 0.06610082304526754 0.021604938271604937 0.03652263374485597
0 0.511766975308642 0.1743827160493827 0.03279320987654321 0.046296296296296294
0 0.49440586419753085 0.12628600823045266 0.03356481481481482 0.045781893004115226
0 0.4747299382716049 0.1406893004115226 0.028935185185185185 0.04989711934156379
0 0.5221836419753086 0.1440329218106996 0.03202160493827161 0.044238683127572016
0 0.4992283950617284 0.10648148148148151 0.033950617283950615 0.03806584362139918
0 0.5152391975308642 0.07330246913580252 0.03279320987654321 0.05092592592592592
0 0.5248842592592593 0.1108539094650206 0.02353395061728395 0.032407407407407406
0 0.5414737654320988 0.09979423868312753 0.03433641975308642 0.026748971193415638
0 0.5499614197530864 0.0478395061728395 0.02507716049382716 0.043209876543209874
0 0.2515432098765432 0.28240740740740744 0.022376543209876542 0.0411522633744856
0 0.41550925925925924 0.23739711934156382 0.033950617283950615 0.047839506172839504
0 0.42997685185185186 0.26877572016460904 0.03279320987654321 0.038580246913580245
0 0.4564043209876543 0.24382716049382713 0.033179012345679014 0.04526748971193416
0 0.46026234567901236 0.2821502057613169 0.029320987654320986 0.03343621399176955
0 0.5115740740740741 0.3287037037037037 0.034722222222222224 0.0411522633744856
0 0.5542052469135802 0.341820987654321 0.03433641975308642 0.04372427983539095
0 0.5812114197530864 0.3577674897119342 0.03510802469135803 0.03137860082304527
0 0.5418595679012346 0.3130144032921811 0.03125 0.047839506172839504
0 0.48726851851851855 0.33616255144032925 0.033179012345679014 0.04063786008230453
0 0.4685570987654321 0.36496913580246915 0.03510802469135803 0.04372427983539095
0 0.44656635802469136 0.3917181069958847 0.03125 0.04989711934156379
0 0.38425925925925924 0.2901234567901234 0.031635802469135804 0.044238683127572016
0 0.35648148148148145 0.2952674897119342 0.033179012345679014 0.043209876543209874
0 0.32175925925925924 0.34104938271604934 0.03009259259259259 0.04526748971193416
0 0.33371913580246915 0.3793724279835391 0.03009259259259259 0.038580246913580245
0 0.34683641975308643 0.35622427983539096 0.026234567901234566 0.035493827160493825
0 0.3836805555555556 0.36882716049382713 0.03202160493827161 0.044238683127572016
0 0.23726851851851852 0.3533950617283951 0.027777777777777776 0.03189300411522634
0 0.37789351851851855 0.41332304526748975 0.03433641975308642 0.044753086419753084
0 0.404320987654321 0.42206790123456794 0.030864197530864196 0.03960905349794239
0 0.18055555555555555 0.3467078189300411 0.02546296296296296 0.03806584362139918
0 0.19830246913580246 0.3153292181069959 0.020833333333333332 0.03292181069958848
0 0.21643518518518517 0.3207304526748971 0.023148148148148147 0.03343621399176955
0 0.0466820987654321 0.3330761316872428 0.021604938271604937 0.02726337448559671
0 0.05381944444444445 0.42206790123456794 0.024305555555555556 0.030349794238683128
0 0.08082561728395062 0.40354938271604934 0.019675925925925927 0.02726337448559671
0 0.12287808641975309 0.40149176954732513 0.022762345679012346 0.03137860082304527
0 0.10243055555555555 0.3657407407407407 0.02199074074074074 0.02880658436213992
0 0.09278549382716049 0.5529835390946503 0.02353395061728395 0.027777777777777776
0 0.1684027777777778 0.5357510288065843 0.02353395061728395 0.02417695473251029
0 0.23070987654320987 0.5411522633744856 0.036265432098765434 0.03909465020576132
0 0.3599537037037037 0.433641975308642 0.027777777777777776 0.0360082304526749
0 0.38503086419753085 0.4848251028806584 0.04089506172839506 0.047839506172839504
0 0.48746141975308643 0.4521604938271605 0.03279320987654321 0.047325102880658436
0 0.48302469135802467 0.48713991769547327 0.036265432098765434 0.040123456790123455
0 0.39448302469135804 0.5596707818930041 0.03125 0.04526748971193416
0 0.43036265432098764 0.5671296296296297 0.02662037037037037 0.042695473251028807
0 0.38233024691358025 0.6167695473251029 0.024691358024691357 0.04218106995884774
0 0.3595679012345679 0.5915637860082305 0.020061728395061727 0.030864197530864196
0 0.3238811728395062 0.5771604938271605 0.03279320987654321 0.047325102880658436
0 0.2681327160493827 0.6262860082304527 0.038580246913580245 0.04063786008230453
0 0.30169753086419754 0.6286008230452675 0.031635802469135804 0.0411522633744856
0 0.2802854938271605 0.6571502057613169 0.030478395061728395 0.03755144032921811
0 0.12962962962962962 0.6484053497942387 0.026234567901234566 0.03343621399176955
0 0.21064814814814814 0.6576646090534979 0.022376543209876542 0.02726337448559671
0 0.3132716049382716 0.6705246913580247 0.02700617283950617 0.038580246913580245
0 0.296875 0.6766975308641976 0.02816358024691358 0.03137860082304527
0 0.35108024691358025 0.6856995884773662 0.022376543209876542 0.024691358024691357
0 0.2847222222222222 0.7528292181069959 0.023919753086419752 0.03137860082304527
0 0.30709876543209874 0.7528292181069959 0.023148148148148147 0.030349794238683128
0 0.3333333333333333 0.7857510288065843 0.020833333333333332 0.03137860082304527
0 0.47530864197530864 0.6846707818930041 0.023919753086419752 0.029835390946502057
0 0.40219907407407407 0.7746913580246914 0.021219135802469136 0.030864197530864196
0 0.44637345679012347 0.7597736625514403 0.024691358024691357 0.029835390946502057
0 0.47280092592592593 0.7548868312757202 0.02507716049382716 0.03446502057613169
0 0.5007716049382716 0.7520576131687242 0.021604938271604937 0.03909465020576132
0 0.5482253086419753 0.6988168724279835 0.026234567901234566 0.035493827160493825
0 0.5596064814814815 0.654320987654321 0.02816358024691358 0.03292181069958848
0 0.1554783950617284 0.8899176954732511 0.02546296296296296 0.03292181069958848
0 0.2056327160493827 0.8734567901234568 0.020833333333333332 0.02880658436213992
0 0.22993827160493827 0.8539094650205761 0.021604938271604937 0.03292181069958848
0 0.23958333333333334 0.9290123456790124 0.019290123456790122 0.02880658436213992
0 0.25462962962962965 0.9089506172839507 0.020061728395061727 0.027777777777777776
0 0.15856481481481483 0.8549382716049383 0.017746913580246913 0.02263374485596708
0 0.15625 0.8148148148148149 0.017746913580246913 0.02263374485596708
0 0.29128086419753085 0.9259259259259259 0.022376543209876542 0.03497942386831276
0 0.29282407407407407 0.88940329218107 0.020833333333333332 0.0360082304526749
0 0.24382716049382716 0.9886831275720165 0.015432098765432098 0.02263374485596708
0 0.1388888888888889 0.9665637860082305 0.015432098765432098 0.023662551440329218
0 0.11882716049382716 0.977366255144033 0.016975308641975308 0.024691358024691357
0 0.34375 0.9398148148148148 0.013117283950617283 0.01954732510288066
0 0.32600308641975306 0.8549382716049383 0.020833333333333332 0.02880658436213992
0 0.36651234567901236 0.8482510288065843 0.021604938271604937 0.033950617283950615
0 0.30671296296296297 0.8302469135802469 0.017746913580246913 0.026748971193415638
0 0.47183641975308643 0.9156378600823045 0.019290123456790122 0.02880658436213992
0 0.44598765432098764 0.8811728395061729 0.021604938271604937 0.029835390946502057
0 0.4131944444444444 0.816358024691358 0.023919753086419752 0.03806584362139918
0 0.42901234567901236 0.7906378600823045 0.027777777777777776 0.03189300411522634
0 0.5040509259259259 0.8912037037037037 0.02199074074074074 0.030349794238683128
0 0.47955246913580246 0.8698559670781894 0.023148148148148147 0.04218106995884774
0 0.5420524691358025 0.8744855967078189 0.018518518518518517 0.030864197530864196
0 0.5200617283950617 0.8762860082304527 0.022376543209876542 0.029320987654320986
0 0.5675154320987654 0.8955761316872428 0.023148148148148147 0.030864197530864196
0 0.5844907407407407 0.8912037037037037 0.020061728395061727 0.03137860082304527
0 0.5167824074074074 0.8305041152263375 0.02044753086419753 0.023148148148148147
0 0.5165895061728395 0.8503086419753086 0.020061728395061727 0.01748971193415638
0 0.5370370370370371 0.8503086419753086 0.019290123456790122 0.01954732510288066
0 0.5588348765432098 0.8464506172839507 0.017361111111111112 0.020061728395061727
0 0.6643518518518519 0.3016975308641975 0.022376543209876542 0.028292181069958847
0 0.7698688271604939 0.2767489711934157 0.021219135802469136 0.03497942386831276
0 0.7528935185185185 0.2955246913580247 0.016589506172839507 0.02417695473251029
0 0.7472993827160493 0.3070987654320988 0.018518518518518517 0.027777777777777776
0 0.7465277777777778 0.33179012345679015 0.023148148148148147 0.027777777777777776
0 0.763695987654321 0.3297325102880658 0.016589506172839507 0.02263374485596708
0 0.7399691358024691 0.3577674897119342 0.020061728395061727 0.023148148148148147
0 0.7073688271604939 0.3652263374485597 0.018132716049382717 0.02880658436213992
0 0.7231867283950617 0.3647119341563786 0.013503086419753086 0.026748971193415638
0 0.7409336419753086 0.37628600823045266 0.02199074074074074 0.03446502057613169
0 0.71875 0.3906893004115226 0.020061728395061727 0.02726337448559671
0 0.6903935185185185 0.3968621399176955 0.02353395061728395 0.035493827160493825
0 0.7440200617283951 0.4086934156378601 0.022762345679012346 0.03137860082304527
0 0.7318672839506173 0.4027777777777778 0.023148148148148147 0.027777777777777776
0 0.6988811728395061 0.43081275720164613 0.02199074074074074 0.038580246913580245
0 0.7536651234567902 0.45627572016460904 0.027391975308641976 0.03189300411522634
0 0.7295524691358025 0.4603909465020576 0.022376543209876542 0.0360082304526749
0 0.7133487654320988 0.4624485596707819 0.019290123456790122 0.03189300411522634
0 0.6954089506172839 0.49254115226337447 0.025848765432098766 0.035493827160493825
0 0.6776620370370371 0.4647633744855967 0.02353395061728395 0.03652263374485597
0 0.6516203703703703 0.5295781893004115 0.026234567901234566 0.03652263374485597
0 0.6294367283950617 0.5270061728395061 0.02199074074074074 0.035493827160493825
0 0.6556712962962963 0.5614711934156378 0.027391975308641976 0.032407407407407406
0 0.8121141975308642 0.6527777777777778 0.024691358024691357 0.02880658436213992
0 0.7826003086419753 0.6450617283950617 0.021219135802469136 0.026748971193415638
0 0.7868441358024691 0.6705246913580247 0.01890432098765432 0.028292181069958847
0 0.7033179012345679 0.5843621399176955 0.022376543209876542 0.03189300411522634
0 0.7272376543209876 0.6010802469135803 0.015432098765432098 0.026234567901234566
0 0.7170138888888888 0.6265432098765432 0.025848765432098766 0.023662551440329218
0 0.6961805555555556 0.6365740740740741 0.02044753086419753 0.028292181069958847
0 0.6585648148148148 0.6607510288065843 0.022376543209876542 0.030349794238683128
0 0.6876929012345679 0.6692386831275721 0.021219135802469136 0.033950617283950615
0 0.7079475308641975 0.6651234567901234 0.021604938271604937 0.027777777777777776
0 0.6739969135802469 0.683641975308642 0.020061728395061727 0.023662551440329218
0 0.6568287037037037 0.6939300411522633 0.02507716049382716 0.03292181069958848
0 0.636766975308642 0.7044753086419753 0.021219135802469136 0.028292181069958847
0 0.6531635802469136 0.7247942386831276 0.018518518518518517 0.030864197530864196
0 0.6820987654320988 0.7186213991769548 0.018518518518518517 0.026748971193415638
0 0.6053240740740741 0.7091049382716049 0.021604938271604937 0.035493827160493825
0 0.5684799382716049 0.6967592592592593 0.021219135802469136 0.026234567901234566
0 0.5856481481481481 0.7047325102880658 0.016975308641975308 0.026748971193415638
0 0.5763888888888888 0.7183641975308642 0.022376543209876542 0.02726337448559671
0 0.5707947530864198 0.7520576131687242 0.02044753086419753 0.027777777777777776
0 0.6190200617283951 0.7474279835390947 0.018132716049382717 0.029835390946502057
0 0.6375385802469136 0.7471707818930041 0.018132716049382717 0.025205761316872428
0 0.6765046296296297 0.7577160493827161 0.022762345679012346 0.0257201646090535
0 0.6672453703703703 0.7368827160493827 0.019675925925925927 0.02417695473251029
0 0.660108024691358 0.7548868312757202 0.023919753086419752 0.02417695473251029
0 0.5985725308641975 0.7764917695473251 0.019675925925925927 0.022119341563786008
0 0.6356095679012346 0.7993827160493827 0.02199074074074074 0.0257201646090535
