0 0.478515625 0.821875 0.09921875 0.13125
0 0.66015625 0.9520833333333333 0.0625 0.08125
0 0.714453125 0.909375 0.04921875 0.10416666666666667
0 0.7625 0.8807291666666667 0.053125 0.08020833333333334
0 0.780078125 0.8328125 0.03984375 0.04895833333333333
0 0.765234375 0.9640625 0.02265625 0.03854166666666667
0 0.7265625 0.7598958333333333 0.0625 0.109375
0 0.95078125 0.7307291666666667 0.0578125 0.084375
0 0.659375 0.6427083333333333 0.04375 0.0875
0 0.691796875 0.5598958333333333 0.06328125 0.06770833333333333
0 0.755078125 0.6130208333333333 0.07265625 0.06770833333333333
0 0.78203125 0.5359375 0.0734375 0.090625
0 0.646875 0.5114583333333333 0.0453125 0.07708333333333334
0 0.776953125 0.7473958333333333 0.04140625 0.08020833333333334
0 0.9609375 0.5729166666666667 0.0390625 0.04791666666666667
0 0.796484375 0.44218749999999996 0.07890625 0.09895833333333333
0 0.812109375 0.3536458333333333 0.07109375 0.09895833333333333
0 0.434765625 0.14531249999999996 0.06796875 0.13020833333333334
0 0.382421875 0.13072916666666667 0.06484375 0.10104166666666667
0 0.40546875 0.4671875 0.075 0.115625
0 0.3578125 0.40312499999999996 0.078125 0.12291666666666666
0 0.465234375 0.27864583333333337 0.08046875 0.11354166666666667
0 0.496875 0.3046875 0.0625 0.090625
0 0.2875 0.9088541666666666 0.053125 0.09270833333333334
