0 0.6125 0.9175 0.059 0.049
0 0.673 0.8674999999999999 0.05 0.055
0 0.673 0.8365 0.044 0.031
0 0.7275 0.84 0.063 0.06
0 0.5835 0.763 0.053 0.056
0 0.6635 0.767 0.055 0.062
0 0.463 0.716 0.058 0.046
0 0.487 0.6735 0.054 0.059
0 0.434 0.6615 0.054 0.053
0 0.4645 0.615 0.061 0.066
0 0.6485 0.637 0.059 0.042
0 0.904 0.7130000000000001 0.058 0.05
0 0.954 0.7115 0.056 0.051
0 0.9455 0.7475 0.049 0.043
0 0.3255 0.5195000000000001 0.067 0.059
0 0.5645 0.42500000000000004 0.059 0.064
0 0.366 0.4395 0.056 0.063
0 0.3255 0.395 0.065 0.088
0 0.258 0.42100000000000004 0.054 0.078
0 0.1705 0.247 0.073 0.058
0 0.6575 0.37549999999999994 0.059 0.063
0 0.6055 0.36 0.057 0.062
0 0.6435 0.49950000000000006 0.051 0.059
0 0.5155 0.3285 0.077 0.067
0 0.6905 0.35 0.059 0.07
0 0.8195 0.28500000000000003 0.069 0.074
0 0.607 0.2965 0.068 0.063
0 0.6155 0.24850000000000005 0.069 0.057
0 0.671 0.264 0.068 0.064
0 0.6385 0.1805 0.063 0.055
0 0.6575 0.13 0.065 0.056
0 0.6085 0.12450000000000006 0.055 0.063
0 0.903 0.11399999999999999 0.052 0.04
