0 0.26477786144578314 0.36194779116465864 0.022778614457831324 0.04852744310575636
0 0.27004894578313254 0.4106425702811245 0.021649096385542167 0.03547523427041499
0 0.31617093373493976 0.35876840696117807 0.01901355421686747 0.029451137884872823
0 0.30336972891566266 0.34404283801874164 0.017884036144578314 0.03346720214190094
0 0.08367846385542169 0.9725568942436412 0.016001506024096387 0.0214190093708166
0 0.09318524096385543 0.9837684069611781 0.015060240963855422 0.025100401606425703
0 0.09017319277108433 0.9621820615796519 0.011295180722891566 0.015394912985274432
0 0.09525602409638555 0.946285140562249 0.009036144578313253 0.020414993306559572
0 0.05289909638554217 0.7538487282463187 0.01355421686746988 0.029785809906291833
0 0.19747740963855423 0.8659638554216867 0.01581325301204819 0.025769745649263723
0 0.13864834337349397 0.6231593038821954 0.012612951807228916 0.020080321285140562
0 0.14391942771084337 0.6557898259705489 0.012612951807228916 0.02643908969210174
0 0.09299698795180723 0.7841365461847389 0.009036144578313253 0.018072289156626505
