0 0.0615543275465289 0.3689682028891736 0.0663465735486687 0.07756410256410257
0 0.004815047560621334 0.42532913138541245 0.06023570493234395 0.05961538461538462
0 0.1612697527764397 0.38273730262828026 0.0663465735486687 0.058653846153846154
0 0.10305534820339769 0.3906483181266374 0.046268005237887384 0.04551282051282051
0 0.08766834078368503 0.31302594500610836 0.04495853339153208 0.038461538461538464
0 0.16182766033674004 0.3043958813860868 0.04364906154517678 0.04423076923076923
0 0.27832923138069526 0.351139677248148 0.054124836316019206 0.049679487179487176
0 0.3512742199417141 0.37987256069694303 0.046704495853339155 0.04326923076923077
0 0.42311943408501435 0.3429470292402254 0.06329113924050633 0.058653846153846154
0 0.47176826982133224 0.37782446045275464 0.05543430816237451 0.049679487179487176
0 0.5277866512982391 0.3696094202241042 0.06023570493234395 0.04551282051282051
0 0.30326910156547887 0.501587108619745 0.05237887385421213 0.05352564102564102
0 0.23148124107043005 0.5121222195753108 0.04801396769969446 0.041346153846153845
0 0.19804858715107335 0.5237030021250423 0.03841117415975556 0.04038461538461539
0 0.230843861963913 0.5538532822779675 0.04364906154517678 0.04935897435897436
0 0.37706049382250145 0.5479126469115926 0.04932343954604976 0.041666666666666664
0 0.44096074712606675 0.539857092344542 0.060672195547795724 0.06762820512820512
0 0.48244062416849065 0.47522000227219374 0.04801396769969446 0.0516025641025641
0 0.06379657539152322 0.6361409696992488 0.031863814927979045 0.029166666666666667
0 0.005853982976674301 0.5738651982479966 0.03579223046704496 0.03108974358974359
0 0.4461052915020246 0.4091747644795936 0.06285464862505456 0.03173076923076923
0 0.05347115544813756 0.447713141630154 0.05499781754692274 0.06474358974358975
0 0.45148649305766486 0.67269692228018 0.06983849847228285 0.06923076923076923
0 0.15765394022397122 0.6789853490384785 0.04714098646879092 0.03076923076923077
0 0.11942772418869621 0.6871909890990344 0.030554343081623744 0.027564102564102563
0 0.19409670803574186 0.7047431667965627 0.046268005237887384 0.03782051282051282
0 0.16083795329188308 0.7277793508692175 0.029244871235268442 0.03333333333333333
0 0.21578134004111563 0.7339763905609727 0.04975993016150153 0.03397435897435897
0 0.29854301814916206 0.7141383979555372 0.034919249236141425 0.04038461538461539
0 0.3264053945817214 0.7638644027676982 0.05674378000872981 0.06346153846153846
0 0.2844930747801126 0.7850814206562291 0.04015713662156264 0.04358974358974359
0 0.5472928081322113 0.6786025715885787 0.055870798777826275 0.06794871794871794
0 0.5739279563930083 0.643564470922833 0.07071147970318638 0.041666666666666664
0 0.3265052561314575 0.6355893617569183 0.06983849847228285 0.035256410256410256
0 0.32944065955895935 0.6569949877442054 0.058489742470536885 0.038461538461538464
0 0.3250777019714825 0.6064132544124684 0.06285464862505456 0.038461538461538464
0 0.5839742516411148 0.7271724703726727 0.05237887385421213 0.05737179487179487
0 0.6162269867573861 0.7371203825910668 0.05499781754692274 0.05576923076923077
0 0.7009535858600033 0.7827619546661787 0.06154517677869926 0.04455128205128205
0 0.6361981199228628 0.7955726542756367 0.0392841553906591 0.03333333333333333
0 0.7379821144948648 0.7905400881726429 0.07071147970318638 0.06185897435897436
0 0.6155610815489283 0.8422871765163251 0.055870798777826275 0.05064102564102564
0 0.5608345540432337 0.8963824807539429 0.04495853339153208 0.02980769230769231
0 0.6030214985172995 0.8722889126730582 0.04364906154517678 0.040705128205128206
0 0.8588579227478743 0.644846975757533 0.046704495853339155 0.040705128205128206
0 0.9944952418243972 0.5764507414448041 0.06110868616324749 0.027884615384615386
0 0.896276757635216 0.5736512918002161 0.04103011785246617 0.04583333333333333
0 0.9270356252835042 0.5529207960887467 0.036665211697948494 0.03365384615384615
0 0.8930656045295516 0.5281981213023805 0.04146660846791794 0.04519230769230769
0 0.9206463451969382 0.5062751026820824 0.044522042776080316 0.046153846153846156
0 0.8388218623385775 0.5247975035978512 0.0501964207769533 0.03942307692307692
0 0.7601618960563542 0.35868280655224805 0.09166302924487124 0.05448717948717949
0 0.8516326950255466 0.41114693314005774 0.06285464862505456 0.046794871794871795
0 0.882941113463119 0.485144378987932 0.06372762985595809 0.058333333333333334
0 0.8137951381200814 0.48749265021913113 0.06983849847228285 0.06025641025641026
0 0.7584996037192159 0.400928949641946 0.08031427324312528 0.04807692307692308
0 0.7285877022697843 0.4527141475479193 0.07333042339589699 0.03076923076923077
0 0.6590911564473748 0.5523414155126677 0.03317328677433435 0.03397435897435897
0 0.670204872827587 0.5335497140658382 0.04015713662156264 0.03333333333333333
