0 0.7865384615384615 0.08429561200923788 0.023846153846153847 0.053117782909930716
0 0.7653846153846153 0.12471131639722864 0.026153846153846153 0.03464203233256351
0 0.8226923076923077 0.10508083140877598 0.026923076923076925 0.04387990762124711
0 0.9384615384615385 0.2061200923787529 0.024615384615384615 0.05658198614318707
0 0.9746153846153847 0.20092378752886836 0.027692307692307693 0.046189376443418015
0 0.7342307692307692 0.09122401847575058 0.02846153846153846 0.050808314087759814
0 0.7453846153846154 0.028868360277136258 0.026153846153846153 0.03002309468822171
0 0.7638461538461538 0.20265588914549654 0.02923076923076923 0.05196304849884527
0 0.7057692307692308 0.11778290993071594 0.019230769230769232 0.04157043879907621
0 0.6530769230769231 0.1426096997690531 0.03230769230769231 0.049653579676674366
0 0.6838461538461539 0.19341801385681293 0.023076923076923078 0.049653579676674366
0 0.6496153846153846 0.19399538106235567 0.025384615384615384 0.04849884526558892
0 0.8815384615384615 0.02771362586605081 0.03230769230769231 0.025404157043879907
0 0.6692307692307692 0.07332563510392609 0.02 0.04734411085450346
0 0.5380769230769231 0.09237875288683603 0.025384615384615384 0.03695150115473441
0 0.6461538461538462 0.015011547344110854 0.024615384615384615 0.03002309468822171
0 0.5207692307692308 0.017321016166281754 0.024615384615384615 0.03464203233256351
0 0.525 0.13279445727482678 0.022307692307692306 0.04387990762124711
0 0.455 0.10796766743648961 0.031538461538461536 0.03810623556581986
0 0.505 0.1766743648960739 0.022307692307692306 0.053117782909930716
0 0.4592307692307692 0.14434180138568128 0.024615384615384615 0.03926096997690531
0 0.5326923076923077 0.2540415704387991 0.02076923076923077 0.050808314087759814
0 0.6561538461538462 0.36143187066974597 0.02923076923076923 0.053117782909930716
0 0.4523076923076923 0.23672055427251731 0.018461538461538463 0.03464203233256351
0 0.4757692307692308 0.24133949191685913 0.022307692307692306 0.04387990762124711
0 0.4753846153846154 0.32967667436489606 0.03230769230769231 0.03117782909930716
0 0.5030769230769231 0.3348729792147806 0.023076923076923078 0.046189376443418015
0 0.49346153846153845 0.36027713625866054 0.02076923076923077 0.046189376443418015
0 0.5315384615384615 0.2996535796766744 0.03230769230769231 0.042725173210161664
0 0.03423076923076923 0.04676674364896074 0.031538461538461536 0.061200923787528866
0 0.09692307692307692 0.16339491916859122 0.02923076923076923 0.04734411085450346
0 0.21423076923076922 0.23556581986143188 0.03 0.03926096997690531
0 0.18 0.25346420323325636 0.038461538461538464 0.04503464203233257
0 0.24961538461538463 0.04503464203233257 0.02846153846153846 0.03002309468822171
0 0.26384615384615384 0.14318706697459585 0.024615384615384615 0.03926096997690531
0 0.2569230769230769 0.21939953810623555 0.02 0.03464203233256351
0 0.3423076923076923 0.34699769053117785 0.023076923076923078 0.04041570438799076
0 0.28384615384615386 0.2909930715935335 0.027692307692307693 0.050808314087759814
0 0.3780769230769231 0.4607390300230947 0.03 0.04849884526558892
0 0.029615384615384616 0.2852193995381062 0.03461538461538462 0.053117782909930716
0 0.04038461538461539 0.20034642032332564 0.03 0.04041570438799076
0 0.05 0.3117782909930716 0.033846153846153845 0.05542725173210162
0 0.07846153846153846 0.2979214780600462 0.04 0.053117782909930716
0 0.22423076923076923 0.4133949191685912 0.031538461538461536 0.04157043879907621
0 0.02846153846153846 0.4110854503464203 0.021538461538461538 0.04849884526558892
0 0.26384615384615384 0.4884526558891455 0.03076923076923077 0.04157043879907621
0 0.24461538461538462 0.4953810623556582 0.023076923076923078 0.03464203233256351
0 0.2569230769230769 0.5265588914549654 0.027692307692307693 0.053117782909930716
0 0.28692307692307695 0.5150115473441108 0.026153846153846153 0.06466512702078522
0 0.019615384615384614 0.581986143187067 0.03 0.05542725173210162
0 0.043076923076923075 0.5433025404157044 0.03076923076923077 0.04503464203233257
0 0.05961538461538462 0.4838337182448037 0.02076923076923077 0.03926096997690531
0 0.06615384615384616 0.5571593533487298 0.024615384615384615 0.049653579676674366
0 0.10346153846153847 0.5109699769053118 0.025384615384615384 0.03348729792147806
0 0.12 0.5375288683602771 0.023076923076923078 0.04041570438799076
0 0.11807692307692308 0.5715935334872979 0.025384615384615384 0.03926096997690531
0 0.10153846153846154 0.6189376443418014 0.023076923076923078 0.04387990762124711
0 0.135 0.644919168591224 0.01769230769230769 0.03579676674364896
0 0.1523076923076923 0.6454965357967667 0.016923076923076923 0.046189376443418015
0 0.1773076923076923 0.6374133949191686 0.031538461538461536 0.03695150115473441
0 0.18807692307692309 0.6772517321016166 0.03307692307692308 0.05196304849884527
0 0.10307692307692308 0.7834872979214781 0.021538461538461538 0.05196304849884527
0 0.11384615384615385 0.7240184757505773 0.027692307692307693 0.04387990762124711
0 0.1453846153846154 0.8406466512702079 0.033846153846153845 0.04849884526558892
0 0.11538461538461539 0.8579676674364896 0.023076923076923078 0.046189376443418015
0 0.1276923076923077 0.7754041570438799 0.018461538461538463 0.04041570438799076
0 0.15615384615384614 0.7840646651270208 0.024615384615384615 0.050808314087759814
0 0.20423076923076924 0.5502309468822171 0.02076923076923077 0.03810623556581986
0 0.14923076923076922 0.535796766743649 0.024615384615384615 0.04387990762124711
0 0.235 0.6212471131639723 0.025384615384615384 0.03926096997690531
0 0.24461538461538462 0.6518475750577367 0.03076923076923077 0.03348729792147806
0 0.3861538461538462 0.3920323325635104 0.02923076923076923 0.03579676674364896
0 0.41846153846153844 0.6235565819861432 0.03538461538461538 0.053117782909930716
0 0.39653846153846156 0.5906466512702079 0.023846153846153847 0.05196304849884527
0 0.38961538461538464 0.6558891454965358 0.02846153846153846 0.053117782909930716
0 0.39653846153846156 0.6928406466512702 0.02846153846153846 0.04157043879907621
0 0.5053846153846154 0.5796766743648961 0.026153846153846153 0.050808314087759814
0 0.4846153846153846 0.5606235565819861 0.026153846153846153 0.042725173210161664
0 0.52 0.5034642032332564 0.026153846153846153 0.04387990762124711
0 0.5303846153846153 0.5594688221709007 0.025384615384615384 0.04734411085450346
0 0.4938461538461538 0.6016166281755196 0.024615384615384615 0.050808314087759814
0 0.4826923076923077 0.42725173210161665 0.025384615384615384 0.04387990762124711
0 0.46307692307692305 0.4416859122401848 0.023076923076923078 0.03117782909930716
0 0.4461538461538462 0.4457274826789838 0.026153846153846153 0.04157043879907621
0 0.5526923076923077 0.3596997690531178 0.022307692307692306 0.03579676674364896
0 0.573076923076923 0.41166281755196305 0.026153846153846153 0.04503464203233257
0 0.5923076923076923 0.43244803695150114 0.03230769230769231 0.05889145496535797
0 0.4957692307692308 0.6795612009237876 0.03 0.04041570438799076
0 0.6503846153846153 0.42321016166281755 0.02846153846153846 0.05658198614318707
0 0.6638461538461539 0.4676674364896074 0.03076923076923077 0.046189376443418015
0 0.6380769230769231 0.5069284064665127 0.022307692307692306 0.046189376443418015
0 0.6603846153846153 0.5161662817551963 0.025384615384615384 0.053117782909930716
0 0.681923076923077 0.5080831408775982 0.026923076923076925 0.053117782909930716
0 0.7807692307692308 0.4959584295612009 0.023076923076923078 0.05196304849884527
0 0.7903846153846154 0.5265588914549654 0.025384615384615384 0.04849884526558892
0 0.7707692307692308 0.424364896073903 0.02923076923076923 0.028868360277136258
0 0.7715384615384615 0.4018475750577367 0.03076923076923077 0.03002309468822171
0 0.8373076923076923 0.41397228637413397 0.02846153846153846 0.04503464203233257
0 0.71 0.5710161662817552 0.024615384615384615 0.049653579676674366
0 0.678076923076923 0.5565819861431871 0.026923076923076925 0.050808314087759814
0 0.7319230769230769 0.5132794457274826 0.03 0.05196304849884527
0 0.7373076923076923 0.6039260969976905 0.026923076923076925 0.05542725173210162
0 0.77 0.562933025404157 0.021538461538461538 0.04041570438799076
0 0.6180769230769231 0.6830254041570438 0.03 0.05658198614318707
0 0.6938461538461539 0.6166281755196305 0.024615384615384615 0.04387990762124711
0 0.671923076923077 0.621824480369515 0.01769230769230769 0.03810623556581986
0 0.8042307692307692 0.621824480369515 0.022307692307692306 0.03810623556581986
0 0.7642307692307693 0.7107390300230947 0.019230769230769232 0.03348729792147806
0 0.7307692307692307 0.8787528868360277 0.03076923076923077 0.057736720554272515
0 0.7388461538461538 0.9572748267898383 0.03307692307692308 0.06235565819861432
0 0.6046153846153847 0.8752886836027713 0.027692307692307693 0.05542725173210162
0 0.6519230769230769 0.9168591224018475 0.025384615384615384 0.04157043879907621
0 0.7857692307692308 0.9670900692840647 0.03769230769230769 0.05658198614318707
