0 0.9542307692307692 0.9226327944572749 0.023846153846153847 0.03464203233256351
0 0.9384615384615385 0.9145496535796767 0.024615384615384615 0.04849884526558892
0 0.8873076923076924 0.8672055427251733 0.023846153846153847 0.04157043879907621
0 0.9115384615384615 0.8672055427251733 0.023076923076923078 0.04157043879907621
0 0.9261538461538461 0.8394919168591224 0.021538461538461538 0.03464203233256351
0 0.8088461538461539 0.7823325635103926 0.025384615384615384 0.04503464203233257
0 0.7857692307692308 0.7881062355658198 0.019230769230769232 0.04041570438799076
0 0.7788461538461539 0.8960739030023095 0.022307692307692306 0.03002309468822171
0 0.823076923076923 0.8695150115473441 0.02 0.025404157043879907
0 0.9726923076923077 0.6986143187066974 0.02076923076923077 0.03233256351039261
0 0.9592307692307692 0.6720554272517321 0.026153846153846153 0.04849884526558892
0 0.8934615384615384 0.523094688221709 0.025384615384615384 0.03695150115473441
0 0.8573076923076923 0.5259815242494227 0.026923076923076925 0.04734411085450346
0 0.7880769230769231 0.5981524249422633 0.023846153846153847 0.03695150115473441
0 0.7657692307692308 0.5808314087759815 0.023846153846153847 0.03464203233256351
0 0.7873076923076923 0.687066974595843 0.02076923076923077 0.04157043879907621
0 0.7334615384615384 0.7349884526558892 0.026923076923076925 0.028868360277136258
0 0.7207692307692308 0.7211316397228638 0.023076923076923078 0.03117782909930716
0 0.9907692307692307 0.6766743648960739 0.018461538461538463 0.025404157043879907
0 0.5976923076923077 0.8897228637413395 0.013846153846153847 0.021939953810623556
0 0.5811538461538461 0.9058891454965358 0.014615384615384615 0.021939953810623556
0 0.583076923076923 0.9416859122401847 0.013846153846153847 0.02424942263279446
0 0.5703846153846154 0.9330254041570438 0.016153846153846154 0.025404157043879907
0 0.6280769230769231 0.7892609699769053 0.013076923076923076 0.021939953810623556
0 0.575 0.7875288683602771 0.013076923076923076 0.02771362586605081
0 0.5626923076923077 0.7869515011547344 0.013076923076923076 0.02424942263279446
0 0.5426923076923077 0.7765588914549654 0.014615384615384615 0.021939953810623556
0 0.5142307692307693 0.8025404157043879 0.016153846153846154 0.02771362586605081
0 0.5134615384615384 0.8267898383371824 0.014615384615384615 0.03002309468822171
0 0.6488461538461539 0.7401847575057737 0.011538461538461539 0.023094688221709007
0 0.6373076923076924 0.7390300230946882 0.013076923076923076 0.02771362586605081
0 0.4915384615384616 0.7984988452655889 0.015384615384615385 0.03117782909930716
0 0.43000000000000005 0.7863741339491916 0.015384615384615385 0.023094688221709007
0 0.4165384615384615 0.7904157043879908 0.014615384615384615 0.02424942263279446
0 0.39884615384615385 0.7875288683602771 0.014615384615384615 0.03002309468822171
0 0.385 0.7713625866050808 0.014615384615384615 0.03233256351039261
0 0.4107692307692308 0.745958429561201 0.013846153846153847 0.02771362586605081
0 0.40538461538461534 0.7592378752886836 0.013846153846153847 0.02424942263279446
0 0.43961538461538463 0.7794457274826789 0.01 0.018475750577367205
0 0.4342307692307692 0.7661662817551963 0.011538461538461539 0.019630484988452657
0 0.4542307692307692 0.6899538106235565 0.016153846153846154 0.026558891454965358
0 0.4511538461538461 0.6622401847575058 0.014615384615384615 0.017321016166281754
0 0.3984615384615384 0.6732101616628176 0.013846153846153847 0.03002309468822171
0 0.3815384615384615 0.6986143187066974 0.012307692307692308 0.02771362586605081
0 0.3765384615384615 0.6668591224018475 0.013076923076923076 0.019630484988452657
0 0.4438461538461539 0.5981524249422633 0.013846153846153847 0.02771362586605081
0 0.4919230769230769 0.6247113163972287 0.016153846153846154 0.025404157043879907
0 0.5465384615384615 0.7147806004618937 0.01769230769230769 0.02771362586605081
0 0.5746153846153846 0.703810623556582 0.018461538461538463 0.028868360277136258
0 0.5996153846153847 0.6374133949191686 0.01769230769230769 0.025404157043879907
0 0.5842307692307692 0.6633949191685913 0.013076923076923076 0.03117782909930716
0 0.5923076923076923 0.6524249422632794 0.013846153846153847 0.025404157043879907
0 0.5642307692307693 0.6760969976905312 0.01769230769230769 0.03348729792147806
0 0.5596153846153846 0.6991916859122402 0.016153846153846154 0.026558891454965358
0 0.5453846153846154 0.6801385681293303 0.016923076923076923 0.025404157043879907
0 0.5584615384615385 0.6310623556581986 0.012307692307692308 0.02424942263279446
0 0.5365384615384615 0.6454965357967667 0.014615384615384615 0.023094688221709007
0 0.5207692307692308 0.640877598152425 0.013846153846153847 0.023094688221709007
0 0.9792307692307692 0.13914549653579678 0.015384615384615385 0.03117782909930716
0 0.9769230769230769 0.3579676674364896 0.02923076923076923 0.046189376443418015
0 0.9411538461538461 0.3435334872979215 0.026923076923076925 0.03348729792147806
0 0.8838461538461538 0.43187066974595845 0.027692307692307693 0.050808314087759814
0 0.7980769230769231 0.36374133949191684 0.019230769230769232 0.03002309468822171
0 0.7807692307692308 0.3712471131639723 0.023076923076923078 0.026558891454965358
0 0.7976923076923077 0.3972286374133949 0.018461538461538463 0.03695150115473441
0 0.89 0.26385681293302543 0.024615384615384615 0.03579676674364896
0 0.8076923076923077 0.273094688221709 0.023076923076923078 0.03810623556581986
0 0.7642307692307693 0.27655889145496537 0.022307692307692306 0.042725173210161664
0 0.8461538461538461 0.098729792147806 0.026153846153846153 0.028868360277136258
0 0.8346153846153846 0.16859122401847576 0.021538461538461538 0.046189376443418015
0 0.7723076923076924 0.1905311778290993 0.026153846153846153 0.04387990762124711
0 0.7042307692307692 0.21247113163972287 0.022307692307692306 0.04157043879907621
0 0.7780769230769231 0.05889145496535797 0.014615384615384615 0.03002309468822171
0 0.7484615384615385 0.05369515011547344 0.015384615384615385 0.028868360277136258
0 0.7034615384615385 0.04330254041570439 0.014615384615384615 0.03579676674364896
0 0.6230769230769231 0.03868360277136259 0.013846153846153847 0.02424942263279446
0 0.6107692307692307 0.04157043879907621 0.015384615384615385 0.03233256351039261
0 0.5911538461538461 0.21247113163972287 0.016153846153846154 0.025404157043879907
0 0.5542307692307693 0.23094688221709006 0.019230769230769232 0.03926096997690531
0 0.6957692307692307 0.27713625866050806 0.02076923076923077 0.023094688221709007
0 0.6950000000000001 0.3100461893764434 0.016153846153846154 0.03579676674364896
0 0.6957692307692307 0.3787528868360277 0.01769230769230769 0.025404157043879907
0 0.6788461538461539 0.3648960739030023 0.01769230769230769 0.03233256351039261
0 0.6815384615384615 0.4151270207852194 0.015384615384615385 0.028868360277136258
0 0.6615384615384615 0.3943418013856813 0.015384615384615385 0.02424942263279446
0 0.6611538461538462 0.4133949191685912 0.014615384615384615 0.023094688221709007
0 0.6653846153846155 0.43937644341801385 0.013846153846153847 0.021939953810623556
0 0.6688461538461539 0.48325635103926096 0.01769230769230769 0.026558891454965358
0 0.5626923076923077 0.29330254041570436 0.019230769230769232 0.02771362586605081
0 0.6307692307692307 0.3695150115473441 0.015384615384615385 0.025404157043879907
0 0.6507692307692308 0.3481524249422633 0.012307692307692308 0.026558891454965358
0 0.5807692307692307 0.3435334872979215 0.016923076923076923 0.026558891454965358
0 0.588076923076923 0.3204387990762125 0.01769230769230769 0.028868360277136258
0 0.6165384615384615 0.3233256351039261 0.01769230769230769 0.023094688221709007
0 0.6057692307692308 0.331986143187067 0.014615384615384615 0.03579676674364896
0 0.5561538461538462 0.34006928406466513 0.023076923076923078 0.021939953810623556
0 0.5503846153846154 0.36316397228637415 0.016153846153846154 0.02424942263279446
0 0.48576923076923073 0.30138568129330257 0.016153846153846154 0.03233256351039261
0 0.4357692307692308 0.32678983833718245 0.016153846153846154 0.025404157043879907
0 0.40076923076923077 0.17956120092378752 0.013846153846153847 0.02424942263279446
0 0.41192307692307695 0.19688221709006928 0.019230769230769232 0.03579676674364896
0 0.3769230769230769 0.3989607390300231 0.015384615384615385 0.019630484988452657
0 0.3630769230769231 0.4006928406466513 0.015384615384615385 0.02771362586605081
0 0.5988461538461538 0.470554272517321 0.016153846153846154 0.03348729792147806
0 0.6596153846153846 0.5034642032332564 0.016153846153846154 0.03233256351039261
0 0.6215384615384616 0.5848729792147807 0.018461538461538463 0.03579676674364896
0 0.6034615384615385 0.5848729792147807 0.016153846153846154 0.03579676674364896
0 0.6119230769230769 0.539838337182448 0.01769230769230769 0.02424942263279446
0 0.6126923076923076 0.47748267898383373 0.014615384615384615 0.026558891454965358
0 0.615 0.4081986143187067 0.014615384615384615 0.021939953810623556
0 0.5688461538461538 0.47113163972286376 0.013076923076923076 0.025404157043879907
0 0.5580769230769231 0.4376443418013857 0.013076923076923076 0.03002309468822171
0 0.5488461538461539 0.4676674364896074 0.014615384615384615 0.023094688221709007
0 0.48423076923076924 0.4636258660508083 0.013076923076923076 0.028868360277136258
0 0.46769230769230774 0.4797921478060046 0.016923076923076923 0.028868360277136258
0 0.4507692307692308 0.48036951501154734 0.010769230769230769 0.025404157043879907
0 0.4115384615384615 0.5219399538106235 0.012307692307692308 0.025404157043879907
0 0.43807692307692303 0.4924942263279446 0.011538461538461539 0.019630484988452657
0 0.5134615384615384 0.6079676674364896 0.013076923076923076 0.028868360277136258
0 0.5765384615384616 0.5069284064665127 0.011538461538461539 0.025404157043879907
0 0.5373076923076923 0.5346420323325635 0.014615384615384615 0.03002309468822171
0 0.5561538461538462 0.5427251732101617 0.013846153846153847 0.025404157043879907
0 0.5253846153846153 0.5606235565819861 0.013846153846153847 0.019630484988452657
0 0.5184615384615385 0.575635103926097 0.012307692307692308 0.019630484988452657
0 0.49423076923076925 0.5698614318706697 0.01769230769230769 0.02424942263279446
