0 0.8240740740740741 0.20627572016460904 0.016975308641975308 0.027777777777777776
0 0.6801697530864198 0.22067901234567902 0.013117283950617283 0.027777777777777776
0 0.6647376543209876 0.25565843621399176 0.016203703703703703 0.023662551440329218
0 0.6651234567901234 0.23765432098765432 0.018518518518518517 0.01646090534979424
0 0.7739197530864198 0.3713991769547325 0.024691358024691357 0.026748971193415638
0 0.7608024691358025 0.3924897119341564 0.020061728395061727 0.0257201646090535
0 0.8688271604938271 0.3636831275720165 0.021604938271604937 0.0257201646090535
0 0.8132716049382716 0.4583333333333333 0.016975308641975308 0.03189300411522634
0 0.8688271604938271 0.4809670781893004 0.016975308641975308 0.0257201646090535
0 0.8904320987654321 0.5303497942386831 0.018518518518518517 0.03189300411522634
0 0.8692129629629629 0.5390946502057613 0.014660493827160493 0.03292181069958848
0 0.8549382716049383 0.5462962962962963 0.016975308641975308 0.030864197530864196
0 0.6678240740740741 0.4825102880658436 0.019290123456790122 0.03292181069958848
0 0.4853395061728395 0.3292181069958848 0.018518518518518517 0.026748971193415638
0 0.4783950617283951 0.35030864197530864 0.020061728395061727 0.01954732510288066
0 0.8001543209876543 0.5169753086419753 0.021604938271604937 0.03806584362139918
0 0.6809413580246914 0.5740740740740741 0.017746913580246913 0.030864197530864196
0 0.47723765432098764 0.29012345679012347 0.019290123456790122 0.030864197530864196
0 0.8865740740740741 0.5781893004115226 0.014660493827160493 0.030864197530864196
0 0.8672839506172839 0.5699588477366255 0.016203703703703703 0.026748971193415638
0 0.7908950617283951 0.5941358024691358 0.023919753086419752 0.0257201646090535
0 0.7341820987654321 0.61059670781893 0.021604938271604937 0.029835390946502057
0 0.5509259259259259 0.7536008230452675 0.017746913580246913 0.0257201646090535
0 0.6454475308641975 0.7654320987654321 0.016975308641975308 0.026748971193415638
0 0.29552469135802467 0.7633744855967078 0.019290123456790122 0.024691358024691357
0 0.4637345679012346 0.5715020576131687 0.014660493827160493 0.023662551440329218
0 0.9598765432098766 0.7006172839506173 0.017746913580246913 0.03292181069958848
0 0.8773148148148148 0.7067901234567902 0.023919753086419752 0.030864197530864196
