0 0.22822353929148753 0.9825558018201671 0.02546296296296296 0.035493827160493825
0 0.20147679946477048 0.985685913183613 0.021604938271604937 0.03343621399176955
0 0.24603178209388285 0.9824890274006112 0.02546296296296296 0.030864197530864196
0 0.321234436622308 0.9760115836259383 0.024305555555555556 0.03292181069958848
0 0.3465376310204748 0.9604792463169513 0.02662037037037037 0.0411522633744856
0 0.37425629904413127 0.9820939029949043 0.02353395061728395 0.03497942386831276
0 0.2651864893068648 0.8924273462768331 0.025848765432098766 0.035493827160493825
0 0.2895483047478348 0.907370178300194 0.02854938271604938 0.03755144032921811
0 0.29315938778723755 0.8851386484198063 0.025848765432098766 0.03189300411522634
0 0.29941568936851964 0.854906831048031 0.031635802469135804 0.03343621399176955
0 0.31996659569276 0.8902097219019779 0.023919753086419752 0.035493827160493825
0 0.3314501496296272 0.8674074844375486 0.02546296296296296 0.03137860082304527
0 0.34852697822562034 0.891216351226933 0.027391975308641976 0.03343621399176955
0 0.38449265336038846 0.7975206255752231 0.02353395061728395 0.03497942386831276
0 0.39133829450018304 0.7813742205260619 0.026234567901234566 0.033950617283950615
0 0.3950182620051729 0.8337157260708249 0.016203703703703703 0.024691358024691357
0 0.4082162913815313 0.8465231262826483 0.015817901234567902 0.026234567901234566
0 0.46367711860648914 0.8627848565648989 0.03125 0.047325102880658436
0 0.4879308532126844 0.8212229799880768 0.026234567901234566 0.03806584362139918
0 0.5250093060869362 0.8107595736074553 0.025848765432098766 0.03497942386831276
0 0.5117185371053438 0.8093739009290097 0.016975308641975308 0.024691358024691357
0 0.5334097873207647 0.8534945183767814 0.021604938271604937 0.03652263374485597
0 0.6322969810244696 0.6937948524628791 0.03279320987654321 0.046296296296296294
0 0.6352980831964219 0.7334470884911687 0.03356481481481482 0.045781893004115226
0 0.612856996933688 0.7359341957393882 0.028935185185185185 0.04989711934156379
0 0.6526992518200637 0.70647703140948 0.03202160493827161 0.044238683127572016
0 0.6469012149662157 0.7428628905858438 0.033950617283950615 0.03806584362139918
0 0.6732091062690915 0.7540581639477619 0.03279320987654321 0.05092592592592592
0 0.6674801846234939 0.7253569437710287 0.02353395061728395 0.032407407407407406
0 0.6859944949486215 0.7225920260755554 0.03433641975308642 0.026748971193415638
0 0.7128280439004957 0.7496971116417075 0.02507716049382716 0.043209876543209874
0 0.36642733023257 0.7774891593721229 0.022376543209876542 0.0411522633744856
0 0.5253049523808673 0.7105507975032676 0.033950617283950615 0.047839506172839504
0 0.526067279789014 0.6828679137832012 0.03279320987654321 0.038580246913580245
0 0.5583098492948914 0.6829789539086786 0.033179012345679014 0.04526748971193416
0 0.5472798547107264 0.6571435528794282 0.029320987654320986 0.03343621399176955
0 0.574259553284542 0.5988405753104175 0.034722222222222224 0.0411522633744856
0 0.6062602504751982 0.566146876053425 0.03433641975308642 0.04372427983539095
0 0.6236683439415989 0.540731404525764 0.03510802469135803 0.03137860082304527
0 0.6063710479593409 0.5910202449178692 0.03125 0.047839506172839504
0 0.5504132568191025 0.6082785546644994 0.033179012345679014 0.04063786008230453
0 0.5234062228362532 0.6013360101325262 0.03510802469135803 0.04372427983539095
0 0.49433081850920346 0.59755432443863 0.03125 0.04989711934156379
0 0.47846928196939364 0.6961122300986198 0.031635802469135804 0.044238683127572016
0 0.45248400840748026 0.7089808826183706 0.033179012345679014 0.043209876543209874
0 0.405245472010644 0.7008249578413565 0.03009259259259259 0.04526748971193416
0 0.4012318869478808 0.6703119504645048 0.03009259259259259 0.038580246913580245
0 0.4212723436333248 0.6769985303544042 0.026234567901234566 0.035493827160493825
0 0.4484542209718332 0.6479628639843291 0.03202160493827161 0.044238683127572016
0 0.32744471451496804 0.7420004578534806 0.027777777777777776 0.03189300411522634
0 0.4267565430949943 0.6238934159910317 0.03433641975308642 0.044753086419753084
0 0.446364081736674 0.6032484561433193 0.030864197530864196 0.03960905349794239
0 0.2808375639145389 0.778863213731749 0.02546296296296296 0.03806584362139918
0 0.3079738172224417 0.7879470436411158 0.020833333333333332 0.03292181069958848
0 0.321651746997854 0.7741508174432398 0.023148148148148147 0.03343621399176955
0 0.170011632157903 0.8645525556848807 0.021604938271604937 0.02726337448559671
0 0.14282084125127184 0.8056106164669209 0.024305555555555556 0.030349794238683128
0 0.17315331743372198 0.8014264731561104 0.019675925925925927 0.02726337448559671
0 0.21034342893545954 0.7784150107635619 0.022762345679012346 0.03137860082304527
0 0.20604198356486722 0.8122439401685548 0.02199074074074074 0.02880658436213992
0 0.127473065704292 0.7024661986920989 0.02353395061728395 0.027777777777777776
0 0.1994217459287326 0.6694242035562469 0.02353395061728395 0.02417695473251029
0 0.2513558133327399 0.6301238856059743 0.036265432098765434 0.03909465020576132
0 0.4036006089607441 0.6217339958205084 0.027777777777777776 0.0360082304526749
0 0.4061243941636718 0.575725583629384 0.04089506172839506 0.047839506172839504
0 0.5070810857935979 0.5367095037877829 0.03279320987654321 0.047325102880658436
0 0.4901214823431654 0.5177228364083687 0.036265432098765434 0.040123456790123455
0 0.38624307564234417 0.5241615365887484 0.03125 0.04526748971193416
0 0.4145186784787457 0.4988515830749364 0.02662037037037037 0.042695473251028807
0 0.3543064243232045 0.4960036560792486 0.024691358024691357 0.04218106995884774
0 0.34404581520928407 0.5246728917773342 0.020061728395061727 0.030864197530864196
0 0.31854143640910637 0.554149427904389 0.03279320987654321 0.047325102880658436
0 0.25183978870584584 0.5560732495926667 0.038580246913580245 0.04063786008230453
0 0.28003971545324013 0.5352686099930509 0.031635802469135804 0.0411522633744856
0 0.2507903289138743 0.5300437103248318 0.030478395061728395 0.03755144032921811
0 0.12359784427736839 0.622411967502428 0.026234567901234566 0.03343621399176955
0 0.1902897172691632 0.5699319651024866 0.022376543209876542 0.02726337448559671
0 0.2743417070093872 0.5027601473051917 0.02700617283950617 0.038580246913580245
0 0.25782701578221184 0.5084241056308121 0.02816358024691358 0.03137860082304527
0 0.3013943650228421 0.4715831955577233 0.022376543209876542 0.024691358024691357
0 0.2187530187840599 0.4685414617776783 0.023919753086419752 0.03137860082304527
0 0.23813167365269317 0.4556223585319228 0.023148148148148147 0.030349794238683128
0 0.24850579690012442 0.4201951519625427 0.020833333333333332 0.03137860082304527
0 0.409365113486804 0.40049366921938706 0.023919753086419752 0.029835390946502057
0 0.3122926543752488 0.38724853616707167 0.021219135802469136 0.030864197530864196
0 0.3561429278063129 0.3709341237921177 0.024691358024691357 0.029835390946502057
0 0.3808623491640421 0.3586866295824136 0.02507716049382716 0.03446502057613169
0 0.4061466245399571 0.3442806207519756 0.021604938271604937 0.03909465020576132
0 0.467208015228802 0.34968086095719497 0.026234567901234566 0.035493827160493825
0 0.49375035682279933 0.37052053313905375 0.02816358024691358 0.03292181069958848
0 0.05541640216840133 0.45871043555614566 0.02546296296296296 0.03292181069958848
0 0.10502415775944186 0.439894160697665 0.020833333333333332 0.02880658436213992
0 0.13340363323722723 0.4379029904942693 0.021604938271604937 0.03292181069958848
0 0.11359292146817278 0.3860691291260423 0.019290123456790122 0.02880658436213992
0 0.13414654444178126 0.3897406802442503 0.020061728395061727 0.027777777777777776
0 0.07120660403193357 0.47847670399349346 0.017746913580246913 0.02263374485596708
0 0.08424821189354363 0.5045302316203142 0.017746913580246913 0.02263374485596708
0 0.15952170391690537 0.35812285873980215 0.022376543209876542 0.03497942386831276
0 0.17455415052768383 0.3797307563021099 0.020833333333333332 0.0360082304526749
0 0.09489164038855433 0.3468602368627658 0.015432098765432098 0.02263374485596708
0 0.012307184435866283 0.4210724525404482 0.015432098765432098 0.023662551440329218
0 0.19975297510312592 0.31927388067420454 0.013117283950617283 0.01954732510288066
0 0.21621240080756873 0.38180617280973667 0.020833333333333332 0.02880658436213992
0 0.2538021644639599 0.3625376525167916 0.021604938271604937 0.033950617283950615
0 0.20876592311110967 0.40815383457736226 0.017746913580246913 0.026748971193415638
0 0.31974542651378707 0.26021677005159743 0.019290123456790122 0.02880658436213992
0 0.31028412170917385 0.2963718899488897 0.021604938271604937 0.029835390946502057
0 0.30618992444000825 0.3552326309662137 0.023919753086419752 0.03806584362139918
0 0.32953369047209236 0.36194443621911543 0.027777777777777776 0.03189300411522634
0 0.356806815871812 0.25666977729015744 0.02199074074074074 0.030349794238683128
0 0.34359593117261755 0.28396471598728196 0.023148148148148147 0.04218106995884774
0 0.3959864077980339 0.24502835470096535 0.018518518518518517 0.030864197530864196
0 0.3762667133475273 0.25661561555210266 0.022376543209876542 0.029320987654320986
0 0.4101290299622981 0.21733500085320387 0.023148148148148147 0.030864197530864196
0 0.42646973897715745 0.21022782855326047 0.020061728395061727 0.03137860082304527
0 0.39059494794159844 0.2867117415309602 0.02044753086419753 0.023148148148148147
0 0.383001193041177 0.2746230215233702 0.020061728395061727 0.01748971193415638
0 0.40070927421423846 0.2628176340746626 0.019290123456790122 0.01954732510288066
0 0.4210335162334595 0.2526092867863256 0.017361111111111112 0.020061728395061727
0 0.7166963047886461 0.5272707727123539 0.022376543209876542 0.028292181069958847
0 0.8174323958129688 0.4817194651588678 0.021219135802469136 0.03497942386831276
0 0.7956904522302082 0.4799538435771423 0.016589506172839507 0.02417695473251029
0 0.7865055107352721 0.4760536957336687 0.018518518518518517 0.027777777777777776
0 0.7765780219977841 0.4612886782553412 0.023148148148148147 0.027777777777777776
0 0.792217732826645 0.45264414964471056 0.016589506172839507 0.02263374485596708
0 0.7611565590871608 0.44907259442872266 0.020061728395061727 0.023148148148148147
0 0.7301267957307622 0.4632995517101106 0.018132716049382717 0.02880658436213992
0 0.7440184012690192 0.45448396767009186 0.013503086419753086 0.026748971193415638
0 0.7550474014905023 0.43710785868233876 0.02199074074074074 0.03446502057613169
0 0.730434569423525 0.4410427964667207 0.020061728395061727 0.02726337448559671
0 0.7035623212838042 0.45361179273403796 0.02353395061728395 0.035493827160493825
0 0.7455675416256395 0.41536212717330717 0.022762345679012346 0.03137860082304527
0 0.7372612915410678 0.4260227198961086 0.023148148148148147 0.027777777777777776
0 0.6981813640628388 0.4277970005059506 0.02199074074074074 0.038580246913580245
0 0.7360770459059678 0.3804816398289831 0.027391975308641976 0.03189300411522634
0 0.7136516648347766 0.3918680033258906 0.022376543209876542 0.0360082304526749
0 0.6988472408537016 0.3999556740379973 0.019290123456790122 0.03189300411522634
0 0.6720261832626614 0.3917754294477702 0.025848765432098766 0.035493827160493825
0 0.6670735719300671 0.41913343155240074 0.02353395061728395 0.03652263374485597
0 0.6202152714842918 0.39424102234503733 0.026234567901234566 0.03652263374485597
0 0.6019681801580552 0.40863318148995753 0.02199074074074074 0.035493827160493825
0 0.6117635997017828 0.3722553184332557 0.027391975308641976 0.032407407407407406
0 0.713007157276856 0.22568579179280676 0.024691358024691357 0.02880658436213992
0 0.6903408982531255 0.24747892592424775 0.021219135802469136 0.026748971193415638
0 0.6844675492722725 0.22934291912993493 0.01890432098765432 0.028292181069958847
0 0.6444426650441355 0.3306451336842348 0.022376543209876542 0.03189300411522634
0 0.6588884887457694 0.3065362791881896 0.015432098765432098 0.026234567901234566
0 0.6404858370481277 0.29675314087173593 0.025848765432098766 0.023662551440329218
0 0.6186820670618778 0.30260200431226236 0.02044753086419753 0.028292181069958847
0 0.5770395219735356 0.30942584405332346 0.022376543209876542 0.030349794238683128
0 0.5990823144062999 0.28738012483763115 0.021219135802469136 0.033950617283950615
0 0.6181665480863474 0.2782211929348194 0.021604938271604937 0.027777777777777776
0 0.5818200065998387 0.2864147131150023 0.020061728395061727 0.023662551440329218
0 0.5630938760178914 0.28998907379325073 0.02507716049382716 0.03292181069958848
0 0.5417654342753022 0.2950755654191841 0.021219135802469136 0.028292181069958847
0 0.5483457119222308 0.2730920040612084 0.018518518518518517 0.030864197530864196
0 0.5757191321706232 0.26018889305477677 0.018518518518518517 0.026748971193415638
0 0.5127989719263703 0.31037716344909966 0.021604938271604937 0.035493827160493825
0 0.48552064397057787 0.33925438707128763 0.021219135802469136 0.026234567901234566
0 0.49739878072536475 0.32443059129306623 0.016975308641975308 0.026748971193415638
0 0.4842681442705706 0.321378961480888 0.022376543209876542 0.02726337448559671
0 0.46678844968921474 0.3038527373191372 0.02044753086419753 0.027777777777777776
0 0.5102889031896217 0.278861811854905 0.018132716049382717 0.029835390946502057
0 0.5264228612843953 0.2683285829511322 0.018132716049382717 0.025205761316872428
0 0.5562139746263043 0.23933537118740014 0.022762345679012346 0.0257201646090535
0 0.5560077208875596 0.2575150695920725 0.019675925925925927 0.02417695473251029
0 0.5430750550040672 0.25054482568906355 0.023919753086419752 0.02417695473251029
0 0.48168190226347385 0.2727631687923879 0.019675925925925927 0.022119341563786008
0 0.5051728122801814 0.23727842092713045 0.02199074074074074 0.0257201646090535
