0 0.02133954054004228 0.42950830499475884 0.0615234375 0.07682291666666667
0 0.09638338891728682 0.791066666989773 0.0458984375 0.10807291666666667
0 0.21637032591803668 0.6327045871624261 0.0732421875 0.109375
0 0.2594182462387708 0.5442411996561877 0.06640625 0.08854166666666667
0 0.29422048781474397 0.5633261019413677 0.0634765625 0.10807291666666667
0 0.2120224249528423 0.5679449531352297 0.0625 0.07291666666666667
0 0.26033190843600096 0.6541405414867777 0.0654296875 0.08072916666666667
0 0.26299774703368023 0.7493401187829365 0.064453125 0.12239583333333333
0 0.32621951691915957 0.7692123206407212 0.052734375 0.10677083333333333
0 0.43068536647904127 0.554103216392216 0.07421875 0.11458333333333333
0 0.4278070060134726 0.5064060846107784 0.068359375 0.07552083333333333
0 0.5648418532290425 0.4483148185134726 0.064453125 0.12369791666666667
0 0.5284511470666168 0.5486908032929148 0.0625 0.11197916666666667
0 0.5854467017694615 0.5309912372255494 0.064453125 0.078125
0 0.534897097847305 0.6627954134461097 0.060546875 0.10677083333333333
0 0.7412440616032951 0.4412217962260477 0.078125 0.17838541666666666
0 0.6202621123154938 0.7434571476309909 0.0537109375 0.11197916666666667
0 0.6599283793929642 0.7119386019790447 0.052734375 0.10807291666666667
0 0.7213103303368269 0.7268353449530968 0.05859375 0.11458333333333333
0 0.7990631189816639 0.40436721384056834 0.0634765625 0.11458333333333333
0 0.8464524009603308 0.6648324055164695 0.0625 0.07552083333333333
