0 0.09807692307692308 0.8529411764705882 0.019230769230769232 0.0506155950752394
0 0.20115384615384616 0.8556771545827633 0.02846153846153846 0.0506155950752394
0 0.23192307692307693 0.7982216142270862 0.026923076923076925 0.06703146374829001
0 0.26346153846153847 0.8700410396716827 0.025384615384615384 0.04377564979480164
0 0.31884615384615383 0.8939808481532148 0.025384615384615384 0.047879616963064295
0 0.1576923076923077 0.8885088919288646 0.026153846153846153 0.04514363885088919
0 0.3396153846153846 0.7872777017783857 0.02846153846153846 0.0533515731874145
0 0.4076923076923077 0.7202462380300958 0.03076923076923077 0.0560875512995896
0 0.6407692307692308 0.884404924760602 0.027692307692307693 0.06155950752393981
0 0.6976923076923077 0.893296853625171 0.026153846153846153 0.046511627906976744
0 0.7484615384615385 0.9589603283173734 0.033846153846153845 0.049247606019151846
0 0.7773076923076923 0.8611491108071135 0.03 0.0506155950752394
0 0.7257692307692307 0.6689466484268125 0.02846153846153846 0.05198358413132695
0 0.6934615384615385 0.6586867305061559 0.02846153846153846 0.06429548563611491
0 0.568076923076923 0.780437756497948 0.03 0.0506155950752394
0 0.6092307692307692 0.7045143638850889 0.03538461538461538 0.057455540355677154
0 0.5915384615384616 0.6627906976744187 0.03230769230769231 0.058823529411764705
0 0.6161538461538462 0.6456908344733242 0.02923076923076923 0.05471956224350205
0 0.553076923076923 0.6409028727770179 0.03230769230769231 0.0506155950752394
0 0.5253846153846153 0.6272229822161423 0.03076923076923077 0.06976744186046512
0 0.5284615384615384 0.6778385772913817 0.026153846153846153 0.047879616963064295
0 0.5011538461538462 0.6915184678522572 0.02846153846153846 0.047879616963064295
0 0.588076923076923 0.6142270861833106 0.03 0.049247606019151846
0 0.6123076923076923 0.5629274965800274 0.033846153846153845 0.04240766073871409
0 0.6688461538461539 0.533515731874145 0.03461538461538462 0.046511627906976744
0 0.5376923076923077 0.5082079343365253 0.02923076923076923 0.047879616963064295
0 0.2873076923076923 0.426812585499316 0.025384615384615384 0.06839945280437756
0 0.23076923076923078 0.33652530779753764 0.024615384615384615 0.049247606019151846
0 0.24884615384615386 0.34746922024623805 0.019230769230769232 0.03556771545827633
0 0.22615384615384615 0.2913816689466484 0.026153846153846153 0.05471956224350205
0 0.20615384615384616 0.2900136798905609 0.024615384615384615 0.046511627906976744
0 0.3261538461538461 0.3919288645690835 0.024615384615384615 0.04240766073871409
0 0.31384615384615383 0.3563611491108071 0.02 0.0506155950752394
0 0.30038461538461536 0.3296853625170999 0.019230769230769232 0.049247606019151846
0 0.2857692307692308 0.3399452804377565 0.01769230769230769 0.0533515731874145
0 0.3942307692307692 0.460328317373461 0.022307692307692306 0.0533515731874145
0 0.34307692307692306 0.4418604651162791 0.027692307692307693 0.049247606019151846
0 0.5576923076923077 0.4760601915184679 0.03076923076923077 0.08481532147742818
0 0.4930769230769231 0.43091655266757867 0.027692307692307693 0.07113543091655267
0 0.5176923076923077 0.4015047879616963 0.024615384615384615 0.06703146374829001
0 0.5507692307692308 0.39671682626538984 0.027692307692307693 0.060191518467852256
0 0.49346153846153845 0.3296853625170999 0.02846153846153846 0.049247606019151846
0 0.45884615384615385 0.3768809849521204 0.023846153846153847 0.06155950752393981
0 0.4773076923076923 0.45622435020519836 0.016153846153846154 0.07250341997264022
0 0.4746153846153846 0.42202462380300954 0.02 0.04240766073871409
0 0.4453846153846154 0.2906976744186046 0.024615384615384615 0.0533515731874145
0 0.6138461538461538 0.4398084815321477 0.026153846153846153 0.0560875512995896
0 0.5961538461538461 0.4247606019151847 0.027692307692307693 0.08344733242134063
0 0.635 0.45690834473324216 0.03 0.057455540355677154
0 0.6365384615384615 0.40766073871409025 0.03 0.05198358413132695
0 0.5688461538461539 0.2948016415868673 0.03307692307692308 0.058823529411764705
0 0.5946153846153847 0.2653898768809849 0.03230769230769231 0.03556771545827633
0 0.5742307692307692 0.2441860465116279 0.026923076923076925 0.06155950752393981
0 0.6611538461538462 0.31190150478796175 0.03769230769230769 0.049247606019151846
0 0.7519230769230769 0.49658002735978113 0.023846153846153847 0.06566347469220246
0 0.7692307692307693 0.4781121751025992 0.021538461538461538 0.0560875512995896
0 0.7926923076923077 0.5129958960328318 0.036153846153846154 0.04377564979480164
0 0.8311538461538461 0.3912448700410397 0.036153846153846154 0.04377564979480164
0 0.8165384615384615 0.35909712722298226 0.025384615384615384 0.0506155950752394
0 0.8869230769230769 0.3638850889192886 0.03076923076923077 0.046511627906976744
0 0.8484615384615385 0.3426812585499316 0.024615384615384615 0.06429548563611491
0 0.7896153846153846 0.2913816689466484 0.023846153846153847 0.057455540355677154
0 0.8461538461538461 0.2318741450068399 0.026153846153846153 0.058823529411764705
0 0.7842307692307692 0.24760601915184677 0.03461538461538462 0.03556771545827633
0 0.7515384615384615 0.1593707250341997 0.02923076923076923 0.06976744186046512
0 0.7623076923076924 0.1963064295485636 0.026153846153846153 0.0560875512995896
0 0.7776923076923077 0.15253077975376195 0.023076923076923078 0.06155950752393981
0 0.6938461538461539 0.30916552667578656 0.03076923076923077 0.04377564979480164
0 0.8384615384615385 0.12859097127222985 0.024615384615384615 0.060191518467852256
0 0.6530769230769231 0.02941176470588236 0.024615384615384615 0.058823529411764705
0 0.8553846153846154 0.06908344733242133 0.026153846153846153 0.0560875512995896
0 0.8803846153846154 0.06839945280437754 0.025384615384615384 0.06839945280437756
0 0.8961538461538462 0.0239398084815321 0.033846153846153845 0.04240766073871409
0 0.8453846153846154 0.017783857729138153 0.024615384615384615 0.03556771545827633
0 0.93 0.03488372093023251 0.03076923076923077 0.04240766073871409
0 0.7573076923076923 0.03967168262653897 0.023846153846153847 0.049247606019151846
0 0.7653846153846153 0.1108071135430917 0.024615384615384615 0.05471956224350205
0 0.4580769230769231 0.05540355677154585 0.023846153846153847 0.0506155950752394
0 0.5696153846153846 0.025307797537619692 0.026923076923076925 0.0506155950752394
0 0.6019230769230769 0.019151846785225746 0.02846153846153846 0.03556771545827633
