0 0.14208984375 0.9498697916666666 0.0615234375 0.07682291666666667
0 0.02294921875 0.9641927083333334 0.0458984375 0.07161458333333333
0 0.02294921875 0.474609375 0.0458984375 0.10807291666666667
0 0.20068359375 0.5651041666666667 0.0732421875 0.109375
0 0.2802734375 0.6341145833333333 0.06640625 0.08854166666666667
0 0.29931640625 0.5852864583333333 0.0634765625 0.10807291666666667
0 0.2294921875 0.6432291666666667 0.0625 0.07291666666666667
0 0.22607421875 0.5065104166666667 0.0654296875 0.08072916666666667
0 0.1806640625 0.39453125 0.064453125 0.12239583333333333
0 0.22265625 0.32291666666666663 0.052734375 0.10677083333333333
0 0.416015625 0.49088541666666663 0.07421875 0.11458333333333333
0 0.4375 0.5481770833333333 0.068359375 0.07552083333333333
0 0.5791015625 0.509765625 0.064453125 0.12369791666666667
0 0.4990234375 0.421875 0.0625 0.11197916666666667
0 0.5546875 0.3984375 0.064453125 0.078125
0 0.447265625 0.28515625 0.060546875 0.10677083333333333
0 0.7275390625 0.38216145833333337 0.078125 0.17838541666666666
0 0.47705078125 0.12630208333333337 0.0537109375 0.11197916666666667
0 0.525390625 0.13216145833333337 0.052734375 0.10807291666666667
0 0.568359375 0.06770833333333337 0.05859375 0.11458333333333333
0 0.79345703125 0.38020833333333337 0.0634765625 0.11458333333333333
0 0.9150390625 0.10416666666666663 0.09375 0.13020833333333334
0 0.7021484375 0.04296875 0.0625 0.07552083333333333
