0 0.34192746271070146 0.7998991162043444 0.0283203125 0.045572916666666664
0 0.37115296518749813 0.7775963547752025 0.0419921875 0.059895833333333336
0 0.3761349934970043 0.7398820666112799 0.033203125 0.03515625
0 0.4363967156156423 0.761727633646959 0.0302734375 0.06901041666666667
0 0.42795352653068697 0.811334278906191 0.04296875 0.07421875
0 0.4603237553559115 0.855720905159934 0.0380859375 0.06770833333333333
0 0.4407108180546389 0.8733067456721598 0.03515625 0.06510416666666667
0 0.48460572479902553 0.8389691069089359 0.0263671875 0.06640625
0 0.5287494689180379 0.8196886793635265 0.0322265625 0.05859375
0 0.5733498755299395 0.753306864508985 0.033203125 0.0390625
0 0.5404785336961072 0.7188392301726573 0.046875 0.0546875
0 0.49602866992814293 0.6966011594371281 0.03515625 0.041666666666666664
0 0.35725070259992386 0.5946023796444618 0.0478515625 0.061197916666666664
0 0.45268494473652615 0.6234458056032947 0.05859375 0.07942708333333333
0 0.4753011218300893 0.5863794279396216 0.044921875 0.06510416666666667
0 0.5167383523065117 0.5987857298021468 0.0556640625 0.07682291666666667
0 0.5920957809187877 0.5682810958395718 0.0498046875 0.078125
0 0.5981270027417664 0.6572903539630758 0.052734375 0.07942708333333333
0 0.6542079739685631 0.6791039951487049 0.05078125 0.0703125
0 0.749465672532561 0.6139074069059399 0.0478515625 0.07942708333333333
0 0.7051291148229799 0.5899023429313887 0.0537109375 0.0703125
0 0.8158762820707354 0.533549275389472 0.0478515625 0.07161458333333333
0 0.7390142559423666 0.5391213177390228 0.044921875 0.07552083333333333
0 0.7881879171459599 0.47927558306836354 0.046875 0.0703125
0 0.7843984114636996 0.431058244186876 0.0537109375 0.0703125
0 0.7063695262253007 0.5011196969246511 0.060546875 0.08072916666666667
0 0.6676622931395968 0.53030743071532 0.0341796875 0.057291666666666664
0 0.6592212838237286 0.48519109425623763 0.0419921875 0.0625
0 0.6874082447765734 0.4201666599293907 0.0224609375 0.07291666666666667
0 0.6618880437002258 0.4309781224688119 0.0400390625 0.06640625
0 0.735823820587951 0.3805599672991508 0.0498046875 0.08723958333333333
0 0.7045340668218583 0.3066982746042896 0.044921875 0.07161458333333333
0 0.9487826267077132 0.28312910104416006 0.0458984375 0.06770833333333333
0 0.93011463314933 0.2544156706584311 0.0478515625 0.07161458333333333
0 0.8677899182316651 0.19109521686401912 0.0498046875 0.08203125
0 0.7686084411594338 0.24593982913373016 0.044921875 0.05859375
0 0.4886840684779196 0.3671531174064356 0.0537109375 0.08723958333333333
0 0.4627200366672905 0.4143448589263962 0.0400390625 0.07291666666666667
0 0.47182771336339896 0.25547822783108504 0.0615234375 0.07161458333333333
0 0.5730931500022471 0.20601013265069543 0.048828125 0.07942708333333333
0 0.5091881055071118 0.23677330458008686 0.0517578125 0.06510416666666667
0 0.6332531393308405 0.16421201723153342 0.046875 0.057291666666666664
0 0.6600560225561398 0.196523285795406 0.05078125 0.07682291666666667
0 0.7131722492664695 0.20565413914670364 0.03515625 0.049479166666666664
0 0.7520547674345086 0.21581685219236255 0.0380859375 0.0625
0 0.85101307064933 0.12447281204765111 0.0478515625 0.08203125
0 0.7698266273038953 0.13856598543113416 0.046875 0.08333333333333333
0 0.8074743520980573 0.10275494841217177 0.0546875 0.08984375
0 0.8010296598076383 0.04333990562424687 0.048828125 0.08854166666666667
0 0.7544432509483567 0.003920183748497896 0.052734375 0.08463541666666667
0 0.721080189605168 0.008683847354036711 0.0517578125 0.08333333333333333
0 0.6870291569026975 0.04942673173452613 0.05078125 0.08072916666666667
0 0.6459506315999276 0.09034406220383791 0.0302734375 0.0625
0 0.6609424255344338 0.06907316046905725 0.03125 0.06770833333333333
0 0.7223419049865298 0.08790494812674228 0.046875 0.08072916666666667
0 0.6336384293005265 0.046680883822599904 0.0517578125 0.049479166666666664
0 0.5847029534820383 0.037581956321352195 0.05859375 0.0625
0 0.25892618951796303 0.3793703811491998 0.037109375 0.061197916666666664
0 0.262574208644086 0.34141779519635507 0.0478515625 0.057291666666666664
0 0.33540132997492517 0.2325377883944577 0.0498046875 0.07161458333333333
0 0.4717738693484292 0.18898352641491659 0.0498046875 0.061197916666666664
0 0.4266009772047163 0.19485458708707226 0.0341796875 0.06770833333333333
