0 0.3886778579257494 0.19409546495712215 0.059 0.049
0 0.4660723948547079 0.1986994666818648 0.05 0.055
0 0.48157239485470793 0.21779625419918244 0.044 0.031
0 0.5270207793609598 0.19204097303281087 0.063 0.06
0 0.4408131212160007 0.30182875819669225 0.053 0.056
0 0.5080951535187558 0.264723640430177 0.055 0.062
0 0.3599570600599758 0.38295998275257337 0.058 0.046
0 0.4019916697508023 0.3987487575679987 0.054 0.059
0 0.36209232335022706 0.42909073561369965 0.054 0.053
0 0.4117560981656524 0.4445290294819633 0.061 0.066
0 0.5601047724619891 0.35130213345053735 0.059 0.042
0 0.7433742631289133 0.19384945742945797 0.058 0.05
0 0.7874255333181351 0.17312286044052366 0.056 0.051
0 0.7620643173859675 0.15462655387036772 0.049 0.043
0 0.3391285670396154 0.5635482211063957 0.067 0.059
0 0.5933586385440963 0.5182725860117847 0.059 0.064
0 0.4142025958928852 0.595293238982516 0.056 0.063
0 0.4013785670396154 0.6402433838775583 0.065 0.088
0 0.3299218522841658 0.6534550807568879 0.054 0.078
0 0.3411446294530274 0.7985321124309492 0.073 0.058
0 0.6986490010960491 0.5084956622231381 0.059 0.063
0 0.6613656800992582 0.5405607164801922 0.057 0.062
0 0.6245246454430669 0.43817068998035874 0.051 0.059
0 0.5991733937586587 0.5989366598697019 0.077 0.067
0 0.7399778394209355 0.509914890857198 0.059 0.07
0 0.8841951165091282 0.4940979035590902 0.069 0.074
0 0.6944147182049349 0.5790288105676658 0.068 0.063
0 0.7257759341371027 0.6049174219832351 0.069 0.057
0 0.766090344047139 0.571336823269558 0.068 0.064
0 0.7796945184241447 0.6368478572970558 0.063 0.055
0 0.821399001096049 0.6597298988522179 0.065 0.056
0 0.7817137563106117 0.684335660965751 0.055 0.063
