0 0.94091796875 0.7587253414264037 0.0537109375 0.09104704097116843
0 0.78955078125 0.6206373292867982 0.0556640625 0.08801213960546282
0 0.90576171875 0.791350531107739 0.0419921875 0.06525037936267071
0 0.88623046875 0.7564491654021245 0.0458984375 0.07435508345978756
0 0.80029296875 0.9590288315629742 0.0400390625 0.0819423368740516
0 0.78076171875 0.8110773899848255 0.0576171875 0.06828528072837632
0 0.73583984375 0.8596358118361154 0.0458984375 0.06828528072837632
0 0.73193359375 0.7890743550834598 0.0595703125 0.0819423368740516
0 0.61376953125 0.7450682852807283 0.0712890625 0.09711684370257967
0 0.65576171875 0.8216995447647951 0.0576171875 0.10166919575113809
0 0.68798828125 0.8922610015174507 0.0478515625 0.09711684370257967
0 0.64404296875 0.928679817905918 0.0439453125 0.09408194233687406
0 0.11181640625 0.8186646433990895 0.0517578125 0.11380880121396054
0 0.0703125 0.697268588770865 0.0546875 0.08649468892261002
0 0.15576171875 0.6919575113808801 0.0537109375 0.0819423368740516
0 0.728515625 0.4324734446130501 0.037109375 0.07283763277693475
0 0.76025390625 0.37784522003034904 0.0458984375 0.07890743550834597
0 0.81591796875 0.4271623672230653 0.0283203125 0.05311077389984825
0 0.8330078125 0.40895295902883155 0.033203125 0.0622154779969651
0 0.9453125 0.19650986342943855 0.044921875 0.0834597875569044
0 0.6376953125 0.07056145675265554 0.0390625 0.07738998482549317
0 0.5947265625 0.06525037936267071 0.052734375 0.07587253414264036
0 0.60498046875 0.13050075872534142 0.0439453125 0.06676783004552352
0 0.53125 0.15402124430955993 0.0625 0.08649468892261002
0 0.6513671875 0.3922610015174507 0.0546875 0.08649468892261002
0 0.671875 0.3611532625189681 0.041015625 0.0819423368740516
0 0.5927734375 0.6798179059180577 0.056640625 0.0819423368740516
0 0.52001953125 0.5698027314112292 0.0439453125 0.08042488619119878
0 0.48046875 0.4650986342943854 0.05078125 0.0834597875569044
0 0.47021484375 0.5569044006069803 0.0556640625 0.0819423368740516
0 0.43701171875 0.48406676783004554 0.0439453125 0.07587253414264036
0 0.43359375 0.40743550834597875 0.056640625 0.08649468892261002
0 0.47900390625 0.4006069802731411 0.0439453125 0.06069802731411229
0 0.5185546875 0.44309559939301973 0.04296875 0.08497723823975721
0 0.2412109375 0.3505311077389985 0.033203125 0.06676783004552352
0 0.18994140625 0.3915022761760243 0.0439453125 0.07587253414264036
0 0.1552734375 0.3482549317147193 0.05078125 0.06525037936267071
0 0.203125 0.3535660091047041 0.048828125 0.06069802731411229
0 0.1103515625 0.41198786039453716 0.04296875 0.0834597875569044
0 0.15869140625 0.3141122913505311 0.0458984375 0.051593323216995446
0 0.14208984375 0.48482549317147194 0.0361328125 0.06828528072837632
