0 0.052693635786639034 0.5920856122603275 0.019230769230769232 0.0506155950752394
0 0.14119163894595815 0.5110243908360781 0.02846153846153846 0.0506155950752394
0 0.18399242060086396 0.522724197789919 0.026923076923076925 0.06703146374829001
0 0.19111322179714238 0.4541949851000913 0.025384615384615384 0.04377564979480164
0 0.23234693646828056 0.3967977770255804 0.025384615384615384 0.047879616963064295
0 0.09432207331994216 0.5242673565899548 0.026153846153846153 0.04514363885088919
0 0.2803336179314958 0.4465359966481472 0.02846153846153846 0.0533515731874145
0 0.3581361165737441 0.4354055187657615 0.03076923076923077 0.0560875512995896
0 0.5138328068404249 0.15479553637523472 0.027692307692307693 0.06155950752393981
0 0.5606296375173851 0.10548349114319219 0.026153846153846153 0.046511627906976744
0 0.5861355426325952 0.025937584567898717 0.033846153846153845 0.049247606019151846
0 0.6386170446648386 0.06397840542922448 0.03 0.0506155950752394
0 0.6480218892390253 0.22206789962688844 0.02846153846153846 0.05198358413132695
0 0.622927222347528 0.25326724847484533 0.02846153846153846 0.06429548563611491
0 0.4801101909499406 0.2748196554127615 0.03 0.0506155950752394
0 0.5370966210287618 0.2898993139063355 0.03538461538461538 0.057455540355677154
0 0.5335054023464217 0.32922635488984636 0.03230769230769231 0.058823529411764705
0 0.5596306430549617 0.3208048926282246 0.02923076923076923 0.05471956224350205
0 0.5063505791239433 0.37232764292700365 0.03230769230769231 0.0506155950752394
0 0.4862144910191435 0.40207964197757035 0.03076923076923077 0.06976744186046512
0 0.4746484153384802 0.36852972303421455 0.026153846153846153 0.047879616963064295
0 0.44715310623513593 0.381131223553133 0.02846153846153846 0.047879616963064295
0 0.5441614682563987 0.36180837813589634 0.03 0.049247606019151846
0 0.57956900688656 0.374750994459168 0.033846153846153845 0.04240766073871409
0 0.6368019816389879 0.34933117584396595 0.03461538461538462 0.046511627906976744
0 0.5303348036811057 0.46591822870666844 0.02923076923076923 0.047879616963064295
0 0.3363799814258482 0.7088719167929769 0.025384615384615384 0.06839945280437756
0 0.3128008528272665 0.8080293863399687 0.024615384615384615 0.049247606019151846
0 0.32537900435721595 0.7873672772773933 0.019230769230769232 0.03556771545827633
0 0.32149612019441526 0.8393931545153993 0.026153846153846153 0.05471956224350205
0 0.30456022750334183 0.8556371430967703 0.024615384615384615 0.046511627906976744
0 0.3798294298036283 0.7004471648790865 0.024615384615384615 0.04240766073871409
0 0.37917065560320445 0.7318354873533286 0.02 0.0506155950752394
0 0.3750126213214909 0.758634690714355 0.019230769230769232 0.049247606019151846
0 0.35947071157387217 0.7635690967438611 0.01769230769230769 0.0533515731874145
0 0.41955500536895357 0.6058878019424472 0.022307692307692306 0.0533515731874145
0 0.3804467827907496 0.656656184469017 0.027692307692307693 0.049247606019151846
0 0.5566937732952562 0.47032078238619873 0.03076923076923077 0.08481532147742818
0 0.5134275164353385 0.547888368273795 0.027692307692307693 0.07113543091655267
0 0.543014295605417 0.5470513501080144 0.024615384615384615 0.06703146374829001
0 0.57300590511521 0.5245295207398614 0.027692307692307693 0.060191518467852256
0 0.5422221415906402 0.6099531747431552 0.02846153846153846 0.049247606019151846
0 0.4989751083827173 0.6075355210558594 0.023846153846153847 0.06155950752393981
0 0.49265557737566085 0.5444414331421649 0.016153846153846154 0.07250341997264022
0 0.49993935513470267 0.5675825816390647 0.02 0.04240766073871409
0 0.511547843331773 0.6709928708801186 0.024615384615384615 0.0533515731874145
0 0.6155167382769977 0.4494107221429095 0.026153846153846153 0.0560875512995896
0 0.6044255195946576 0.47230480091876437 0.027692307692307693 0.08344733242134063
0 0.6290288141262839 0.4225869644830716 0.03 0.057455540355677154
0 0.6442073147474907 0.4517400275917657 0.03 0.05198358413132695
0 0.6173148258759287 0.5733914825558306 0.03307692307692308 0.058823529411764705
0 0.6479008651272969 0.5716659294340469 0.03230769230769231 0.03556771545827633
0 0.6362088088193834 0.6004254784884964 0.026923076923076925 0.06155950752393981
0 0.6924479400714154 0.4917747359424629 0.03769230769230769 0.049247606019151846
0 0.7191333228764644 0.3081099912992603 0.023846153846153847 0.06566347469220246
0 0.7393145317881181 0.30615863310297436 0.021538461538461538 0.0560875512995896
0 0.7498251277999838 0.26660249739269276 0.036153846153846154 0.04377564979480164
0 0.8173645664070777 0.31198639047368326 0.036153846153846154 0.04377564979480164
0 0.8137457335825359 0.34304499283330914 0.025384615384615384 0.0506155950752394
0 0.8733544446950559 0.2858948544798432 0.03076923076923077 0.046511627906976744
0 0.8460073137802697 0.32857478451167593 0.024615384615384615 0.06429548563611491
0 0.8094681265575701 0.40549191766717696 0.023846153846153847 0.057455540355677154
0 0.8751626397715364 0.39861185128625354 0.026153846153846153 0.058823529411764705
0 0.817112605152577 0.436605326469294 0.03461538461538462 0.03556771545827633
0 0.8136079284903934 0.5161356662429132 0.02923076923076923 0.06976744186046512
0 0.8125497405311489 0.485089341032693 0.026153846153846153 0.0560875512995896
0 0.8381809005893711 0.5002091206267527 0.023076923076923078 0.06155950752393981
0 0.7215295398105219 0.468285010877004 0.03076923076923077 0.04377564979480164
0 0.897539367434733 0.4681604764636097 0.024615384615384615 0.060191518467852256
0 0.764876196425464 0.6720153368335093 0.024615384615384615 0.058823529411764705
0 0.9289259511910852 0.49178677690546224 0.026153846153846153 0.0560875512995896
0 0.9507688939780038 0.47295654419738437 0.025384615384615384 0.06839945280437756
0 0.976925448422297 0.4882015034781009 0.033846153846153845 0.04240766073871409
0 0.9346887740763177 0.5310892635901617 0.024615384615384615 0.03556771545827633
0 0.8522580750506883 0.5854306423946871 0.023846153846153847 0.049247606019151846
0 0.8392528956197164 0.5353896651489154 0.024615384615384615 0.05471956224350205
0 0.5886935503798062 0.8061661401957163 0.023846153846153847 0.0506155950752394
0 0.6937502300326859 0.7388141800163536 0.026923076923076925 0.0506155950752394
0 0.7234602815395679 0.717727423296185 0.02846153846153846 0.03556771545827633
