0 0.25925925925925924 0.9146090534979424 0.022376543209876542 0.029835390946502057
0 0.3445216049382716 0.9387860082304527 0.021604938271604937 0.026748971193415638
0 0.25848765432098764 0.76440329218107 0.02700617283950617 0.033950617283950615
0 0.2808641975308642 0.7561728395061729 0.019290123456790122 0.027777777777777776
0 0.25578703703703703 0.7052469135802469 0.024691358024691357 0.024691358024691357
0 0.2808641975308642 0.6898148148148148 0.017746913580246913 0.024691358024691357
0 0.3298611111111111 0.7592592592592593 0.018518518518518517 0.027777777777777776
0 0.3460648148148148 0.7217078189300411 0.018518518518518517 0.024691358024691357
0 0.35146604938271603 0.7052469135802469 0.020061728395061727 0.01646090534979424
0 0.3630401234567901 0.7304526748971193 0.015432098765432098 0.03189300411522634
0 0.3699845679012346 0.7098765432098766 0.018518518518518517 0.029835390946502057
0 0.4849537037037037 0.7906378600823045 0.020061728395061727 0.02880658436213992
0 0.49189814814814814 0.7011316872427984 0.018518518518518517 0.030864197530864196
0 0.39853395061728397 0.6805555555555556 0.020061728395061727 0.03909465020576132
0 0.49691358024691357 0.8467078189300411 0.016203703703703703 0.0257201646090535
0 0.42746913580246915 0.8554526748971193 0.016203703703703703 0.026748971193415638
0 0.23996913580246915 0.6141975308641975 0.02546296296296296 0.023662551440329218
0 0.16358024691358025 0.5318930041152263 0.022376543209876542 0.029835390946502057
0 0.21103395061728394 0.5380658436213992 0.020061728395061727 0.03189300411522634
0 0.2017746913580247 0.5653292181069959 0.023148148148148147 0.02880658436213992
0 0.16049382716049382 0.654320987654321 0.016203703703703703 0.01954732510288066
0 0.34760802469135804 0.5426954732510288 0.023148148148148147 0.02880658436213992
0 0.13676697530864199 0.4825102880658436 0.025848765432098766 0.037037037037037035
0 0.1558641975308642 0.4807098765432099 0.017746913580246913 0.03137860082304527
0 0.17341820987654322 0.4737654320987654 0.019675925925925927 0.029835390946502057
0 0.16705246913580246 0.44367283950617287 0.017746913580246913 0.028292181069958847
0 0.14834104938271606 0.43852880658436216 0.017361111111111112 0.03137860082304527
0 0.21199845679012347 0.4825102880658436 0.02199074074074074 0.03497942386831276
0 0.2222222222222222 0.4038065843621399 0.023919753086419752 0.02880658436213992
0 0.2488425925925926 0.5581275720164609 0.017746913580246913 0.029835390946502057
0 0.3254243827160494 0.4236111111111111 0.024305555555555556 0.028292181069958847
0 0.34857253086419754 0.3922325102880658 0.02044753086419753 0.02726337448559671
0 0.18209876543209877 0.3680555555555556 0.018518518518518517 0.03343621399176955
0 0.15625 0.31147119341563784 0.027777777777777776 0.02726337448559671
0 0.20794753086419754 0.2808641975308642 0.016975308641975308 0.024691358024691357
0 0.17554012345679013 0.21707818930041153 0.021604938271604937 0.030864197530864196
0 0.2025462962962963 0.1743827160493827 0.023148148148148147 0.040123456790123455
0 0.22299382716049382 0.12962962962962962 0.022376543209876542 0.03292181069958848
0 0.24305555555555555 0.10648148148148148 0.017746913580246913 0.03189300411522634
0 0.15239197530864199 0.09516460905349794 0.020061728395061727 0.0360082304526749
0 0.22376543209876543 0.051954732510288065 0.02854938271604938 0.0360082304526749
0 0.2542438271604938 0.051954732510288065 0.027777777777777776 0.033950617283950615
0 0.33024691358024694 0.016975308641975308 0.02546296296296296 0.033950617283950615
