0 0.2868893916881039 0.9779653277207666 0.023846153846153847 0.04157043879907621
0 0.2659049299810194 0.9937157897410956 0.023076923076923078 0.04157043879907621
0 0.24401686638724684 0.9861437708555594 0.021538461538461538 0.03464203233256351
0 0.3265698464465753 0.874679920363766 0.025384615384615384 0.04503464203233257
0 0.34847812499544695 0.8632362090036685 0.019230769230769232 0.04041570438799076
0 0.39043522394472385 0.9252469029260877 0.022307692307692306 0.03002309468822171
0 0.34328410031579676 0.9376367944639173 0.02 0.025404157043879907
0 0.15679029951881726 0.929610478941908 0.02076923076923077 0.03233256351039261
0 0.15960217995437698 0.9044992704313353 0.026153846153846153 0.04849884526558892
0 0.16694461997250737 0.7699844169671581 0.025384615384615384 0.03695150115473441
0 0.19921630764779094 0.7482620919331243 0.026923076923076925 0.04734411085450346
0 0.2832103740636367 0.7477198801158353 0.023846153846153847 0.03695150115473441
0 0.2967601715326742 0.7225492687859959 0.023846153846153847 0.03464203233256351
0 0.3134919320665478 0.8019934868011812 0.02076923076923077 0.04157043879907621
0 0.37608560765494065 0.7965133079612261 0.026923076923076925 0.028868360277136258
0 0.38246208393374315 0.7797269171683452 0.023076923076923078 0.03117782909930716
0 0.13382753260425234 0.9278452547185394 0.018461538461538463 0.025404157043879907
0 0.545203672091828 0.8035810472489144 0.013846153846153847 0.021939953810623556
0 0.5649110153082628 0.8027895721476436 0.014615384615384615 0.021939953810623556
0 0.5751686587625235 0.8260913265033574 0.013846153846153847 0.02424942263279446
0 0.5832759042720953 0.8125059915038135 0.016153846153846154 0.025404157043879907
0 0.48542828482299305 0.7614445479365548 0.013076923076923076 0.021939953810623556
0 0.5308173254853978 0.7258765172942455 0.013076923076923076 0.02771362586605081
0 0.5412837919935141 0.7175206097513267 0.013076923076923076 0.02424942263279446
0 0.5551427616076643 0.6981181168145395 0.014615384615384615 0.021939953810623556
0 0.5884450230999907 0.6956228530906802 0.016153846153846154 0.02771362586605081
0 0.5971881195644402 0.7100610987922749 0.014615384615384615 0.03002309468822171
0 0.4510954495136239 0.7447127503502398 0.011538461538461539 0.023094688221709007
0 0.46070343494190596 0.7365011846087066 0.013076923076923076 0.02771362586605081
0 0.6067509841858683 0.6783827103434908 0.015384615384615385 0.03117782909930716
0 0.6560063936495261 0.630912406774075 0.015384615384615385 0.023094688221709007
0 0.6690105817773936 0.6246518601575988 0.014615384615384615 0.02424942263279446
0 0.6833710312289644 0.6113731584797902 0.014615384615384615 0.03002309468822171
0 0.6899775368198259 0.592414054222236 0.014615384615384615 0.03233256351039261
0 0.6591991898761499 0.5935149394764295 0.013846153846153847 0.02771362586605081
0 0.6682854805119123 0.5981953127215514 0.013846153846153847 0.02424942263279446
0 0.6453715339977526 0.6328945157243591 0.01 0.018475750577367205
0 0.6456116707873611 0.6212139371368688 0.011538461538461539 0.019630484988452657
0 0.602906547327057 0.5872655001847034 0.016153846153846154 0.026558891454965358
0 0.5963404716463937 0.5681931439509904 0.014615384615384615 0.017321016166281754
0 0.6456271948458046 0.5406999236927169 0.013846153846153847 0.03002309468822171
0 0.6687445478329258 0.5453492071126117 0.012307692307692308 0.02771362586605081
0 0.6624977517749249 0.5225371041491342 0.013076923076923076 0.019630484988452657
0 0.5813229649817415 0.5239633164937013 0.013846153846153847 0.02771362586605081
0 0.5485332821074896 0.5715751850333154 0.016153846153846154 0.025404157043879907
0 0.5312349715931087 0.6625611934969803 0.01769230769230769 0.02771362586605081
0 0.5032657967945458 0.6740539444012688 0.018461538461538463 0.028868360277136258
0 0.45949977708455014 0.6494020415073795 0.01769230769230769 0.025404157043879907
0 0.4814770909889261 0.6554070271278246 0.013076923076923076 0.03117782909930716
0 0.4708284242660518 0.6538993966820003 0.013846153846153847 0.025404157043879907
0 0.5030283682953841 0.6502314488280915 0.01769230769230769 0.03348729792147806
0 0.5147177163128507 0.6614582754612733 0.016153846153846154 0.026558891454965358
0 0.520695770135937 0.6404707995404312 0.016923076923076923 0.025404157043879907
0 0.4930246687018328 0.6187388552809959 0.012307692307692308 0.02424942263279446
0 0.5168183025540302 0.6133802589107618 0.014615384615384615 0.023094688221709007
0 0.5289363954598616 0.6002845753034544 0.013846153846153847 0.023094688221709007
0 0.03966480742588304 0.7225135687155774 0.02923076923076923 0.046189376443418015
0 0.06583417763817263 0.6903710650374091 0.026923076923076925 0.03348729792147806
0 0.14488717193197312 0.7075379208093944 0.027692307692307693 0.050808314087759814
0 0.19647319694886925 0.6098168872247935 0.019230769230769232 0.03002309468822171
0 0.2139620981682153 0.6031903044673155 0.023076923076923078 0.026558891454965358
0 0.20796012979647865 0.6301959061148659 0.018461538461538463 0.03695150115473441
0 0.08359624637022281 0.6080372341633226 0.024615384615384615 0.03579676674364896
0 0.1579537219124804 0.5602264306157569 0.023076923076923078 0.03810623556581986
0 0.1967463644615733 0.5341096391081853 0.022307692307692306 0.042725173210161664
0 0.06656812945923277 0.4778139584716007 0.026153846153846153 0.028868360277136258
0 0.09982996104136095 0.5133501552390085 0.021538461538461538 0.046189376443418015
0 0.161097697738699 0.48636453609193536 0.026153846153846153 0.04387990762124711
0 0.2273617348424858 0.4556288069400219 0.022307692307692306 0.04157043879907621
0 0.11225524348609646 0.4090212326655677 0.014615384615384615 0.03002309468822171
0 0.13617214967509714 0.3865696121807174 0.015384615384615385 0.028868360277136258
0 0.17168175438385844 0.35091664255628924 0.014615384615384615 0.03579676674364896
0 0.23975841184191526 0.29581972689477115 0.013846153846153847 0.02424942263279446
0 0.25137872450387755 0.2895978565474103 0.015384615384615385 0.03233256351039261
0 0.32528922280888006 0.3821266508451533 0.016153846153846154 0.025404157043879907
0 0.3634193915639978 0.36950747852381893 0.019230769230769232 0.03926096997690531
0 0.2562281036437387 0.48996400658334077 0.02076923076923077 0.023094688221709007
0 0.26785581549280374 0.5097373452738307 0.016153846153846154 0.03579676674364896
0 0.2900742574898926 0.5525624309863784 0.01769230769230769 0.025404157043879907
0 0.3001146874000908 0.5330259595232812 0.01769230769230769 0.03233256351039261
0 0.3145138497745173 0.565719550194466 0.015384615384615385 0.028868360277136258
0 0.3249112809271291 0.5399149456710045 0.015384615384615385 0.02424942263279446
0 0.3315905214670462 0.551402142912918 0.014615384615384615 0.023094688221709007
0 0.3365804139894967 0.57015750254982 0.013846153846153847 0.021939953810623556
0 0.3481980183610121 0.5994387063631268 0.01769230769230769 0.026558891454965358
0 0.3768607150704371 0.41342030938429714 0.019230769230769232 0.02771362586605081
0 0.343288985658958 0.5046204257436901 0.015384615384615385 0.025404157043879907
0 0.31885309296788467 0.5044609110545281 0.012307692307692308 0.026558891454965358
0 0.3779364096943338 0.4561141934017224 0.016923076923076923 0.026558891454965358
0 0.36391545482052445 0.44663741810413266 0.01769230769230769 0.028868360277136258
0 0.34022857794358274 0.46691632512430953 0.01769230769230769 0.023094688221709007
0 0.352439620753569 0.4652512127708364 0.014615384615384615 0.03579676674364896
0 0.3981001119413354 0.4379796868521793 0.023076923076923078 0.021939953810623556
0 0.41078872004009176 0.44845649148439304 0.016153846153846154 0.02424942263279446
0 0.44617036151539397 0.3683982627760629 0.016153846153846154 0.03233256351039261
0 0.4979331701661544 0.3515469155015403 0.016153846153846154 0.025404157043879907
0 0.4792055977601482 0.2380996673276235 0.013846153846153847 0.02424942263279446
0 0.4753153144102448 0.25602006598143845 0.019230769230769232 0.03579676674364896
0 0.5729338958503924 0.35775490169296364 0.015384615384615385 0.019630484988452657
0 0.5855019399027924 0.34982165627912615 0.015384615384615385 0.02771362586605081
0 0.40458902739515357 0.5461125685873521 0.016153846153846154 0.03348729792147806
0 0.36292286824209924 0.6058870806628046 0.016153846153846154 0.03233256351039261
0 0.4230138355400452 0.6312862287264744 0.018461538461538463 0.03579676674364896
0 0.43866891014691767 0.6195358840446418 0.016153846153846154 0.03579676674364896
0 0.4163410028841263 0.5972935618428188 0.01769230769230769 0.02424942263279446
0 0.394905598727369 0.5593809069900849 0.014615384615384615 0.026558891454965358
0 0.36983015548786646 0.518200207080859 0.014615384615384615 0.021939953810623556
0 0.43076209720099434 0.5269676694281094 0.013076923076923076 0.025404157043879907
0 0.42893467847251915 0.49933843786201254 0.013076923076923076 0.03002309468822171
0 0.446928759122837 0.5118332508824384 0.014615384615384615 0.023094688221709007
0 0.5015411698289085 0.4673423087667433 0.013076923076923076 0.028868360277136258
0 0.5212485130453434 0.4665508336654724 0.016923076923076923 0.028868360277136258
0 0.5360966352632339 0.4559061838505341 0.010769230769230769 0.025404157043879907
0 0.5839176318732388 0.45601388216431765 0.012307692307692308 0.025404157043879907
0 0.5511269576958826 0.4551250720243389 0.011538461538461539 0.019630484988452657
0 0.5243035041798249 0.5752610826061881 0.013076923076923076 0.028868360277136258
0 0.43602344024880646 0.5540195337886633 0.011538461538461539 0.025404157043879907
0 0.47922905224342666 0.5455910833202146 0.014615384615384615 0.03002309468822171
0 0.4656001119413354 0.5628208627923282 0.013846153846153847 0.025404157043879907
0 0.4982085859039334 0.5538461349435638 0.013846153846153847 0.019630484988452657
0 0.5092041463916719 0.5585934974518406 0.012307692307692308 0.019630484988452657
0 0.5282655311756794 0.5392863067722482 0.01769230769230769 0.02424942263279446
