0 0.04576923076923077 0.07736720554272518 0.023846153846153847 0.03464203233256351
0 0.06153846153846154 0.08545034642032333 0.024615384615384615 0.04849884526558892
0 0.11269230769230769 0.13279445727482678 0.023846153846153847 0.04157043879907621
0 0.08846153846153847 0.13279445727482678 0.023076923076923078 0.04157043879907621
0 0.07384615384615385 0.1605080831408776 0.021538461538461538 0.03464203233256351
0 0.19115384615384615 0.2176674364896074 0.025384615384615384 0.04503464203233257
0 0.21423076923076922 0.21189376443418015 0.019230769230769232 0.04041570438799076
0 0.22115384615384615 0.10392609699769054 0.022307692307692306 0.03002309468822171
0 0.17692307692307693 0.13048498845265588 0.02 0.025404157043879907
0 0.027307692307692307 0.30138568129330257 0.02076923076923077 0.03233256351039261
0 0.040769230769230766 0.3279445727482679 0.026153846153846153 0.04849884526558892
0 0.10653846153846154 0.476905311778291 0.025384615384615384 0.03695150115473441
0 0.1426923076923077 0.4740184757505774 0.026923076923076925 0.04734411085450346
0 0.21192307692307694 0.4018475750577367 0.023846153846153847 0.03695150115473441
0 0.23423076923076924 0.41916859122401845 0.023846153846153847 0.03464203233256351
0 0.21269230769230768 0.312933025404157 0.02076923076923077 0.04157043879907621
0 0.26653846153846156 0.26501154734411086 0.026923076923076925 0.028868360277136258
0 0.2792307692307692 0.27886836027713624 0.023076923076923078 0.03117782909930716
0 0.009230769230769232 0.3233256351039261 0.018461538461538463 0.025404157043879907
0 0.4023076923076923 0.11027713625866051 0.013846153846153847 0.021939953810623556
0 0.41884615384615387 0.09411085450346421 0.014615384615384615 0.021939953810623556
0 0.4169230769230769 0.05831408775981524 0.013846153846153847 0.02424942263279446
0 0.4296153846153846 0.06697459584295612 0.016153846153846154 0.025404157043879907
0 0.3719230769230769 0.2107390300230947 0.013076923076923076 0.021939953810623556
0 0.425 0.21247113163972287 0.013076923076923076 0.02771362586605081
0 0.4373076923076923 0.21304849884526558 0.013076923076923076 0.02424942263279446
0 0.4573076923076923 0.22344110854503466 0.014615384615384615 0.021939953810623556
0 0.4857692307692308 0.197459584295612 0.016153846153846154 0.02771362586605081
0 0.48653846153846153 0.17321016166281755 0.014615384615384615 0.03002309468822171
0 0.35115384615384615 0.25981524249422633 0.011538461538461539 0.023094688221709007
0 0.3626923076923077 0.26096997690531176 0.013076923076923076 0.02771362586605081
0 0.5084615384615384 0.20150115473441108 0.015384615384615385 0.03117782909930716
0 0.57 0.21362586605080833 0.015384615384615385 0.023094688221709007
0 0.5834615384615385 0.20958429561200922 0.014615384615384615 0.02424942263279446
0 0.6011538461538461 0.21247113163972287 0.014615384615384615 0.03002309468822171
0 0.615 0.22863741339491916 0.014615384615384615 0.03233256351039261
0 0.5892307692307692 0.2540415704387991 0.013846153846153847 0.02771362586605081
0 0.5946153846153847 0.2407621247113164 0.013846153846153847 0.02424942263279446
0 0.5603846153846154 0.22055427251732102 0.01 0.018475750577367205
0 0.5657692307692308 0.2338337182448037 0.011538461538461539 0.019630484988452657
0 0.5457692307692308 0.3100461893764434 0.016153846153846154 0.026558891454965358
0 0.5488461538461539 0.3377598152424942 0.014615384615384615 0.017321016166281754
0 0.6015384615384616 0.32678983833718245 0.013846153846153847 0.03002309468822171
0 0.6184615384615385 0.30138568129330257 0.012307692307692308 0.02771362586605081
0 0.6234615384615385 0.3331408775981524 0.013076923076923076 0.019630484988452657
0 0.5561538461538461 0.4018475750577367 0.013846153846153847 0.02771362586605081
0 0.5080769230769231 0.37528868360277134 0.016153846153846154 0.025404157043879907
0 0.45346153846153847 0.2852193995381062 0.01769230769230769 0.02771362586605081
0 0.42538461538461536 0.29618937644341803 0.018461538461538463 0.028868360277136258
0 0.4003846153846154 0.3625866050808314 0.01769230769230769 0.025404157043879907
0 0.4157692307692308 0.3366050808314088 0.013076923076923076 0.03117782909930716
0 0.4076923076923077 0.34757505773672054 0.013846153846153847 0.025404157043879907
0 0.43576923076923074 0.32390300230946883 0.01769230769230769 0.03348729792147806
0 0.4403846153846154 0.3008083140877598 0.016153846153846154 0.026558891454965358
0 0.4546153846153846 0.31986143187066973 0.016923076923076923 0.025404157043879907
0 0.44153846153846155 0.3689376443418014 0.012307692307692308 0.02424942263279446
0 0.4634615384615385 0.35450346420323325 0.014615384615384615 0.023094688221709007
0 0.47923076923076924 0.35912240184757505 0.013846153846153847 0.023094688221709007
0 0.02076923076923077 0.8608545034642032 0.015384615384615385 0.03117782909930716
0 0.023076923076923078 0.6420323325635104 0.02923076923076923 0.046189376443418015
0 0.05884615384615385 0.6564665127020786 0.026923076923076925 0.03348729792147806
0 0.11615384615384615 0.5681293302540416 0.027692307692307693 0.050808314087759814
0 0.20192307692307693 0.6362586605080831 0.019230769230769232 0.03002309468822171
0 0.21923076923076923 0.6287528868360277 0.023076923076923078 0.026558891454965358
0 0.2023076923076923 0.6027713625866051 0.018461538461538463 0.03695150115473441
0 0.11 0.7361431870669746 0.024615384615384615 0.03579676674364896
0 0.19230769230769232 0.726905311778291 0.023076923076923078 0.03810623556581986
0 0.23576923076923076 0.7234411085450346 0.022307692307692306 0.042725173210161664
0 0.15384615384615385 0.901270207852194 0.026153846153846153 0.028868360277136258
0 0.16538461538461538 0.8314087759815243 0.021538461538461538 0.046189376443418015
0 0.2276923076923077 0.8094688221709007 0.026153846153846153 0.04387990762124711
0 0.2957692307692308 0.7875288683602771 0.022307692307692306 0.04157043879907621
0 0.22192307692307692 0.941108545034642 0.014615384615384615 0.03002309468822171
0 0.25153846153846154 0.9463048498845266 0.015384615384615385 0.028868360277136258
0 0.29653846153846153 0.9566974595842956 0.014615384615384615 0.03579676674364896
0 0.3769230769230769 0.9613163972286374 0.013846153846153847 0.02424942263279446
0 0.3892307692307692 0.9584295612009238 0.015384615384615385 0.03233256351039261
0 0.40884615384615386 0.7875288683602771 0.016153846153846154 0.025404157043879907
0 0.44576923076923075 0.76905311778291 0.019230769230769232 0.03926096997690531
0 0.30423076923076925 0.7228637413394919 0.02076923076923077 0.023094688221709007
0 0.305 0.6899538106235565 0.016153846153846154 0.03579676674364896
0 0.30423076923076925 0.6212471131639723 0.01769230769230769 0.025404157043879907
0 0.3211538461538462 0.6351039260969977 0.01769230769230769 0.03233256351039261
0 0.31846153846153846 0.5848729792147807 0.015384615384615385 0.028868360277136258
0 0.3384615384615385 0.6056581986143187 0.015384615384615385 0.02424942263279446
0 0.33884615384615385 0.5866050808314087 0.014615384615384615 0.023094688221709007
0 0.3346153846153846 0.5606235565819861 0.013846153846153847 0.021939953810623556
0 0.33115384615384613 0.516743648960739 0.01769230769230769 0.026558891454965358
0 0.4373076923076923 0.7066974595842956 0.019230769230769232 0.02771362586605081
0 0.36923076923076925 0.6304849884526559 0.015384615384615385 0.025404157043879907
0 0.34923076923076923 0.6518475750577367 0.012307692307692308 0.026558891454965358
0 0.41923076923076924 0.6564665127020786 0.016923076923076923 0.026558891454965358
0 0.41192307692307695 0.6795612009237876 0.01769230769230769 0.028868360277136258
0 0.38346153846153846 0.6766743648960739 0.01769230769230769 0.023094688221709007
0 0.3942307692307692 0.668013856812933 0.014615384615384615 0.03579676674364896
0 0.44384615384615383 0.6599307159353349 0.023076923076923078 0.021939953810623556
0 0.44961538461538464 0.6368360277136259 0.016153846153846154 0.02424942263279446
0 0.5142307692307693 0.6986143187066974 0.016153846153846154 0.03233256351039261
0 0.5642307692307692 0.6732101616628176 0.016153846153846154 0.025404157043879907
0 0.5992307692307692 0.8204387990762124 0.013846153846153847 0.02424942263279446
0 0.588076923076923 0.8031177829099307 0.019230769230769232 0.03579676674364896
0 0.6230769230769231 0.601039260969977 0.015384615384615385 0.019630484988452657
0 0.6369230769230769 0.5993071593533488 0.015384615384615385 0.02771362586605081
0 0.40115384615384614 0.5294457274826789 0.016153846153846154 0.03348729792147806
0 0.3403846153846154 0.49653579676674364 0.016153846153846154 0.03233256351039261
0 0.37846153846153846 0.4151270207852194 0.018461538461538463 0.03579676674364896
0 0.39653846153846156 0.4151270207852194 0.016153846153846154 0.03579676674364896
0 0.3880769230769231 0.46016166281755194 0.01769230769230769 0.02424942263279446
0 0.3873076923076923 0.5225173210161663 0.014615384615384615 0.026558891454965358
0 0.385 0.5918013856812933 0.014615384615384615 0.021939953810623556
0 0.43115384615384617 0.5288683602771362 0.013076923076923076 0.025404157043879907
0 0.4419230769230769 0.5623556581986143 0.013076923076923076 0.03002309468822171
0 0.4511538461538461 0.5323325635103926 0.014615384615384615 0.023094688221709007
0 0.5157692307692308 0.5363741339491916 0.013076923076923076 0.028868360277136258
0 0.5323076923076923 0.5202078521939953 0.016923076923076923 0.028868360277136258
0 0.5492307692307692 0.5196304849884527 0.010769230769230769 0.025404157043879907
0 0.5884615384615385 0.4780600461893764 0.012307692307692308 0.025404157043879907
0 0.561923076923077 0.5075057736720554 0.011538461538461539 0.019630484988452657
0 0.48653846153846153 0.3920323325635104 0.013076923076923076 0.028868360277136258
0 0.42346153846153844 0.4930715935334873 0.011538461538461539 0.025404157043879907
0 0.4626923076923077 0.4653579676674365 0.014615384615384615 0.03002309468822171
0 0.44384615384615383 0.45727482678983833 0.013846153846153847 0.025404157043879907
0 0.4746153846153846 0.43937644341801385 0.013846153846153847 0.019630484988452657
0 0.4815384615384615 0.424364896073903 0.012307692307692308 0.019630484988452657
0 0.5057692307692307 0.43013856812933027 0.01769230769230769 0.02424942263279446
