0 0.8823076923076923 0.01905311778290993 0.03076923076923077 0.03810623556581986
0 0.7457692307692307 0.02424942263279446 0.02846153846153846 0.04849884526558892
0 0.6457692307692308 0.01558891454965358 0.031538461538461536 0.03117782909930716
0 0.7876923076923077 0.08140877598152425 0.024615384615384615 0.05658198614318707
0 0.7323076923076923 0.0918013856812933 0.027692307692307693 0.04734411085450346
0 0.8238461538461539 0.10508083140877598 0.021538461538461538 0.03464203233256351
0 0.7684615384615385 0.1287528868360277 0.024615384615384615 0.049653579676674366
0 0.7473076923076922 0.13452655889145496 0.026923076923076925 0.026558891454965358
0 0.7057692307692307 0.11893764434180139 0.025384615384615384 0.04157043879907621
0 0.6553846153846155 0.14607390300230946 0.027692307692307693 0.054272517321016164
0 0.65 0.19630484988452657 0.02923076923076923 0.050808314087759814
0 0.6830769230769231 0.19399538106235567 0.026153846153846153 0.050808314087759814
0 0.975 0.1997690531177829 0.025384615384615384 0.046189376443418015
0 0.7638461538461538 0.203810623556582 0.03230769230769231 0.05889145496535797
0 0.9376923076923077 0.21304849884526558 0.024615384615384615 0.049653579676674366
0 0.5207692307692308 0.018475750577367205 0.021538461538461538 0.03695150115473441
0 0.5376923076923077 0.0894919168591224 0.027692307692307693 0.03348729792147806
0 0.5246153846153846 0.13568129330254042 0.026153846153846153 0.04734411085450346
0 0.5046153846153847 0.1784064665127021 0.018461538461538463 0.04503464203233257
0 0.4584615384615385 0.14434180138568128 0.024615384615384615 0.03695150115473441
0 0.4542307692307692 0.10854503464203233 0.031538461538461536 0.04157043879907621
0 0.6553846153846155 0.36027713625866054 0.023076923076923078 0.050808314087759814
0 0.5319230769230769 0.2540415704387991 0.023846153846153847 0.04849884526558892
0 0.47307692307692306 0.24480369515011546 0.024615384615384615 0.04849884526558892
0 0.45307692307692304 0.23267898383371824 0.026153846153846153 0.03348729792147806
0 0.9407692307692308 0.37528868360277134 0.026153846153846153 0.03695150115473441
0 0.9569230769230769 0.39145496535796764 0.023076923076923078 0.04157043879907621
0 0.813076923076923 0.35854503464203236 0.026153846153846153 0.03579676674364896
0 0.8403846153846154 0.4174364896073903 0.01769230769230769 0.03579676674364896
0 0.8542307692307692 0.41397228637413397 0.016153846153846154 0.03579676674364896
0 0.7723076923076924 0.4255196304849885 0.027692307692307693 0.02424942263279446
0 0.7703846153846154 0.40127020785219397 0.026923076923076925 0.03348729792147806
0 0.6515384615384615 0.42725173210161665 0.02923076923076923 0.050808314087759814
0 0.6630769230769231 0.4693995381062356 0.026153846153846153 0.042725173210161664
0 0.7896153846153846 0.5288683602771362 0.026923076923076925 0.050808314087759814
0 0.7819230769230769 0.4953810623556582 0.02846153846153846 0.04849884526558892
0 0.7684615384615385 0.565242494226328 0.026153846153846153 0.04041570438799076
0 0.7303846153846154 0.5196304849884527 0.03 0.03926096997690531
0 0.7376923076923076 0.6062355658198614 0.033846153846153845 0.05542725173210162
0 0.7096153846153845 0.5727482678983834 0.03 0.050808314087759814
0 0.9457692307692308 0.5877598152424942 0.026923076923076925 0.04387990762124711
0 0.6796153846153846 0.5612009237875288 0.03 0.046189376443418015
0 0.6830769230769231 0.5115473441108545 0.026153846153846153 0.05542725173210162
0 0.6611538461538462 0.5213625866050808 0.031538461538461536 0.05658198614318707
0 0.6357692307692308 0.5075057736720554 0.026923076923076925 0.049653579676674366
0 0.5946153846153845 0.4312933025404157 0.027692307692307693 0.054272517321016164
0 0.573076923076923 0.40993071593533487 0.02923076923076923 0.04849884526558892
0 0.553076923076923 0.3648960739030023 0.027692307692307693 0.03464203233256351
0 0.5015384615384615 0.3389145496535797 0.023076923076923078 0.049653579676674366
0 0.5292307692307692 0.30138568129330257 0.03076923076923077 0.04157043879907621
0 0.475 0.33140877598152424 0.03461538461538462 0.03926096997690531
0 0.4838461538461538 0.42782909930715934 0.027692307692307693 0.049653579676674366
0 0.5203846153846154 0.5075057736720554 0.025384615384615384 0.04734411085450346
0 0.53 0.5623556581986143 0.027692307692307693 0.050808314087759814
0 0.4823076923076923 0.5594688221709007 0.026153846153846153 0.04503464203233257
0 0.5069230769230769 0.5802540415704388 0.02923076923076923 0.04734411085450346
0 0.495 0.6039260969976905 0.02846153846153846 0.046189376443418015
0 0.446923076923077 0.4515011547344111 0.023076923076923078 0.03926096997690531
0 0.45961538461538465 0.4428406466512702 0.025384615384615384 0.03810623556581986
0 0.38576923076923075 0.3920323325635104 0.026923076923076925 0.03810623556581986
0 0.3780769230769231 0.4636258660508083 0.031538461538461536 0.04503464203233257
0 0.38730769230769235 0.5583140877598153 0.023846153846153847 0.04734411085450346
0 0.39730769230769236 0.5906466512702079 0.03307692307692308 0.04734411085450346
0 0.4196153846153846 0.6183602771362586 0.03461538461538462 0.04041570438799076
0 0.3392307692307692 0.34584295612009236 0.024615384615384615 0.04503464203233257
0 0.2861538461538462 0.5173210161662818 0.027692307692307693 0.06235565819861432
0 0.3369230769230769 0.4896073903002309 0.024615384615384615 0.03926096997690531
0 0.2569230769230769 0.5271362586605081 0.021538461538461538 0.054272517321016164
0 0.26384615384615384 0.48498845265588914 0.027692307692307693 0.046189376443418015
0 0.6196153846153847 0.684757505773672 0.02846153846153846 0.057736720554272515
0 0.7311538461538462 0.8787528868360277 0.031538461538461536 0.053117782909930716
0 0.7369230769230769 0.9561200923787528 0.02923076923076923 0.06004618937644342
0 0.785 0.9670900692840647 0.03 0.05658198614318707
0 0.8311538461538461 0.6841801385681293 0.02846153846153846 0.03579676674364896
0 0.8200000000000001 0.7153579676674365 0.03076923076923077 0.03810623556581986
0 0.6065384615384615 0.8793302540415704 0.026923076923076925 0.054272517321016164
0 0.7657692307692308 0.7066974595842956 0.023846153846153847 0.03695150115473441
0 0.6488461538461539 0.9191685912240185 0.025384615384615384 0.046189376443418015
0 0.6407692307692308 0.8966512702078522 0.023076923076923078 0.03579676674364896
0 0.615 0.9607390300230947 0.025384615384615384 0.046189376443418015
0 0.03500000000000003 0.04561200923787529 0.031538461538461536 0.05658198614318707
0 0.012307692307692353 0.05715935334872979 0.024615384615384615 0.05889145496535797
0 0.09615384615384615 0.16859122401847576 0.03076923076923077 0.057736720554272515
0 0.2138461538461538 0.23498845265588914 0.03076923076923077 0.03810623556581986
0 0.18038461538461537 0.25 0.040769230769230766 0.03810623556581986
0 0.08153846153846156 0.2921478060046189 0.043076923076923075 0.046189376443418015
0 0.04923076923076919 0.30773672055427254 0.027692307692307693 0.07043879907621248
0 0.028461538461538427 0.2863741339491917 0.03076923076923077 0.05542725173210162
0 0.01961538461538459 0.581986143187067 0.023846153846153847 0.057736720554272515
0 0.06384615384615389 0.5583140877598153 0.023076923076923078 0.04503464203233257
0 0.1019230769230769 0.5086605080831409 0.023846153846153847 0.03810623556581986
0 0.8023076923076923 0.6224018475750578 0.027692307692307693 0.04157043879907621
0 0.6188461538461538 0.7684757505773672 0.023846153846153847 0.05889145496535797
0 0.11615384615384616 0.575635103926097 0.026153846153846153 0.03348729792147806
0 0.11692307692307691 0.5392609699769053 0.03076923076923077 0.04157043879907621
0 0.1761538461538461 0.6397228637413395 0.02923076923076923 0.04157043879907621
0 0.18692307692307697 0.6709006928406467 0.033846153846153845 0.05542725173210162
0 0.23576923076923073 0.621824480369515 0.03461538461538462 0.042725173210161664
0 0.24384615384615382 0.6495381062355658 0.02923076923076923 0.04041570438799076
0 0.10269230769230764 0.7806004618937644 0.03 0.053117782909930716
0 0.09999999999999998 0.6189376443418014 0.021538461538461538 0.046189376443418015
0 0.11423076923076925 0.7188221709006929 0.019230769230769232 0.042725173210161664
0 0.38884615384615384 0.6581986143187067 0.03 0.06004618937644342
0 0.39730769230769236 0.6939953810623557 0.025384615384615384 0.046189376443418015
0 0.11576923076923074 0.8620092378752887 0.023846153846153847 0.05658198614318707
0 0.1465384615384615 0.8400692840646651 0.03307692307692308 0.05196304849884527
0 0.4403846153846154 0.8931870669745958 0.023846153846153847 0.042725173210161664
0 0.35 0.825635103926097 0.026153846153846153 0.04387990762124711
0 0.5557692307692308 0.9486143187066974 0.02846153846153846 0.05889145496535797
0 0.38038461538461543 0.8065819861431871 0.019230769230769232 0.03810623556581986
0 0.551923076923077 0.898960739030023 0.02076923076923077 0.04734411085450346
