0 0.666875 0.07333333333333333 0.03875 0.05
0 0.5725 0.06666666666666667 0.035 0.05333333333333334
0 0.718125 0.25166666666666665 0.02875 0.05
0 0.96 0.1275 0.045 0.06166666666666667
0 0.919375 0.06 0.02625 0.04
0 0.408125 0.056666666666666664 0.03125 0.04
0 0.364375 0.11083333333333334 0.03375 0.041666666666666664
0 0.393125 0.155 0.02625 0.04
0 0.44 0.010833333333333334 0.025 0.021666666666666667
0 0.464375 0.011666666666666667 0.03125 0.023333333333333334
0 0.165 0.06916666666666667 0.045 0.045
0 0.18125 0.03833333333333333 0.0275 0.03666666666666667
0 0.355 0.20583333333333334 0.03 0.03833333333333333
0 0.98 0.2025 0.04 0.035
0 0.94125 0.3416666666666667 0.0325 0.04666666666666667
0 0.916875 0.37833333333333335 0.03875 0.043333333333333335
0 0.88 0.41583333333333333 0.025 0.03833333333333333
0 0.91125 0.4008333333333333 0.03 0.025
0 0.8275 0.39916666666666667 0.025 0.03166666666666667
0 0.841875 0.4225 0.02875 0.03166666666666667
0 0.891875 0.4725 0.02625 0.035
0 0.8475 0.5 0.0225 0.03
0 0.8025 0.5483333333333333 0.0275 0.03666666666666667
0 0.86125 0.6066666666666667 0.0375 0.04
0 0.91125 0.605 0.0275 0.03666666666666667
0 0.938125 0.6133333333333333 0.02875 0.03666666666666667
0 0.97125 0.6608333333333334 0.03 0.045
0 0.866875 0.6716666666666666 0.03125 0.043333333333333335
0 0.8025 0.6966666666666667 0.0275 0.04
0 0.76625 0.6591666666666667 0.0225 0.035
0 0.9225 0.765 0.0225 0.03666666666666667
0 0.944375 0.76 0.02375 0.03
0 0.7775 0.7466666666666667 0.0225 0.03
0 0.76 0.7733333333333333 0.0225 0.03
0 0.790625 0.78 0.01875 0.03666666666666667
0 0.654375 0.8166666666666667 0.02125 0.03333333333333333
0 0.67 0.6975 0.0225 0.03833333333333333
0 0.654375 0.6891666666666667 0.02125 0.03166666666666667
0 0.694375 0.73 0.02375 0.03
0 0.7075 0.6891666666666667 0.0225 0.03166666666666667
0 0.589375 0.5316666666666666 0.02875 0.03333333333333333
0 0.6 0.5516666666666666 0.025 0.03666666666666667
0 0.598125 0.47583333333333333 0.02625 0.035
0 0.634375 0.44 0.02625 0.03333333333333333
0 0.61875 0.4058333333333333 0.0225 0.03166666666666667
0 0.67 0.4533333333333333 0.0275 0.043333333333333335
0 0.415625 0.5083333333333333 0.02125 0.03
0 0.421875 0.47583333333333333 0.02375 0.03166666666666667
0 0.435625 0.49916666666666665 0.02375 0.03166666666666667
0 0.510625 0.455 0.02375 0.03333333333333333
0 0.493125 0.44333333333333336 0.01625 0.03
0 0.51375 0.435 0.025 0.023333333333333334
0 0.47625 0.425 0.0325 0.02666666666666667
0 0.455625 0.425 0.02125 0.02666666666666667
0 0.40375 0.5441666666666667 0.02 0.028333333333333332
0 0.426875 0.5416666666666666 0.02125 0.03
0 0.4625 0.49666666666666665 0.0225 0.02666666666666667
0 0.465625 0.5175 0.02125 0.028333333333333332
0 0.49 0.5166666666666667 0.0275 0.03666666666666667
0 0.5025 0.5433333333333333 0.0275 0.03333333333333333
0 0.52125 0.5225 0.03 0.035
0 0.563125 0.5 0.03125 0.03666666666666667
0 0.261875 0.2975 0.03125 0.03833333333333333
0 0.346875 0.23416666666666666 0.02875 0.03833333333333333
0 0.4625 0.27166666666666667 0.0325 0.04
0 0.42625 0.24916666666666668 0.0225 0.03833333333333333
0 0.42625 0.3325 0.03 0.03833333333333333
0 0.34625 0.2658333333333333 0.03 0.03166666666666667
0 0.40875 0.30333333333333334 0.03 0.03666666666666667
0 0.215625 0.20666666666666667 0.02875 0.03
0 0.299375 0.4766666666666667 0.03125 0.03
0 0.273125 0.49083333333333334 0.02625 0.03833333333333333
0 0.11875 0.09083333333333334 0.0325 0.045
0 0.089375 0.25666666666666665 0.03125 0.04
0 0.06125 0.28 0.0325 0.03333333333333333
0 0.055625 0.25 0.02875 0.04
0 0.028125 0.25083333333333335 0.02375 0.041666666666666664
0 0.0375 0.215 0.0225 0.03
0 0.100625 0.2966666666666667 0.02875 0.03666666666666667
0 0.065625 0.3075 0.02625 0.035
0 0.041875 0.31 0.02375 0.03333333333333333
0 0.076875 0.355 0.02875 0.043333333333333335
0 0.060625 0.37 0.03125 0.04
0 0.54625 0.56 0.0325 0.04
0 0.10875 0.48083333333333333 0.03 0.035
0 0.04 0.6125 0.025 0.041666666666666664
0 0.055625 0.6266666666666667 0.02625 0.02666666666666667
0 0.11 0.58 0.0325 0.03
0 0.105625 0.5475 0.02875 0.03833333333333333
0 0.153125 0.5516666666666666 0.03125 0.03
0 0.166875 0.43083333333333335 0.02625 0.028333333333333332
0 0.245625 0.43 0.03375 0.04
0 0.23125 0.41833333333333333 0.0325 0.043333333333333335
0 0.154375 0.35583333333333333 0.02375 0.041666666666666664
0 0.176875 0.37 0.02875 0.04
0 0.27375 0.6641666666666667 0.0275 0.035
0 0.306875 0.6375 0.02875 0.035
0 0.340625 0.6391666666666667 0.03125 0.03833333333333333
0 0.28375 0.6075 0.03 0.041666666666666664
0 0.325 0.5016666666666667 0.0225 0.03
0 0.466875 0.5866666666666667 0.03375 0.04
0 0.6975 0.8725 0.025 0.028333333333333332
0 0.7225 0.875 0.02 0.02666666666666667
0 0.689375 0.7608333333333334 0.02625 0.03166666666666667
0 0.626875 0.8841666666666667 0.02625 0.041666666666666664
0 0.62 0.8525 0.02 0.028333333333333332
0 0.494375 0.7133333333333334 0.02875 0.04
0 0.391875 0.7291666666666666 0.02375 0.03166666666666667
0 0.40375 0.8333333333333334 0.03 0.02666666666666667
0 0.578125 0.975 0.02375 0.03
0 0.58 0.9466666666666667 0.0275 0.03333333333333333
0 0.54375 0.8758333333333334 0.02 0.025
0 0.389375 0.9875 0.01875 0.025
0 0.40875 0.9841666666666666 0.02 0.028333333333333332
0 0.6575 0.9841666666666666 0.0225 0.025
0 0.631875 0.9866666666666667 0.02125 0.02666666666666667
0 0.79375 0.9758333333333333 0.02 0.035
