0 0.13603400773090674 0.3835820218778226 0.022376543209876542 0.029835390946502057
0 0.20080700705049045 0.31946216534693317 0.021604938271604937 0.026748971193415638
0 0.19169293874650517 0.4765580729626171 0.02700617283950617 0.033950617283950615
0 0.21415801336822485 0.4687091376492439 0.019290123456790122 0.027777777777777776
0 0.21153777754801323 0.5145591070924813 0.024691358024691357 0.024691358024691357
0 0.2390422726274841 0.5095873666040754 0.017746913580246913 0.024691358024691357
0 0.2554331778283421 0.43851944342958415 0.018518518518518517 0.027777777777777776
0 0.28354778699460226 0.4522968719258757 0.018518518518518517 0.024691358024691357
0 0.2943982328483762 0.4593188035589061 0.020061728395061727 0.01646090534979424
0 0.29496951452798004 0.4371091194836981 0.015432098765432098 0.03189300411522634
0 0.3086996292147547 0.4457751624452813 0.018518518518518517 0.029835390946502057
0 0.3779803276436755 0.32964667810472664 0.020061728395061727 0.02880658436213992
0 0.41755920776254896 0.3807753775000108 0.018518518518518517 0.030864197530864196
0 0.3444194902795882 0.4473546419080842 0.020061728395061727 0.03909465020576132
0 0.36731164998831967 0.2882011211236759 0.016203703703703703 0.0257201646090535
0 0.3038916759600793 0.32290783638924386 0.016203703703703703 0.026748971193415638
0 0.2319825917628427 0.5797803093802523 0.02546296296296296 0.023662551440329218
0 0.19669207094906227 0.6745851342671708 0.022376543209876542 0.029835390946502057
0 0.2354733690453146 0.6433850997105061 0.020061728395061727 0.03189300411522634
0 0.21723084987447103 0.6319360042603198 0.023148148148148147 0.02880658436213992
0 0.14810865920898686 0.6009483315482621 0.016203703703703703 0.01954732510288066
0 0.3520138755806893 0.5616820518175505 0.023148148148148147 0.02880658436213992
0 0.1919896150991323 0.7204867914404297 0.025848765432098766 0.037037037037037035
0 0.20920344900628113 0.7105701042848643 0.017746913580246913 0.03137860082304527
0 0.22700983630265148 0.704713244724676 0.019675925925925927 0.029835390946502057
0 0.23278166532948666 0.7269263083577063 0.017746913580246913 0.028292181069958847
0 0.21850611282811885 0.7408982065468098 0.017361111111111112 0.03137860082304527
0 0.25714198922643383 0.677051875355562 0.02199074074074074 0.03497942386831276
0 0.29550991870185345 0.7196326624846131 0.023919753086419752 0.02880658436213992
0 0.26069346533037435 0.6091977357531858 0.017746913580246913 0.029835390946502057
0 0.37745891388408237 0.6478487757552563 0.024305555555555556 0.028292181069958847
0 0.4092727735395863 0.6538142014328888 0.02044753086419753 0.02726337448559671
0 0.2741686216364284 0.7648214930194944 0.018518518518518517 0.03343621399176955
0 0.273002069918235 0.814602689235064 0.027777777777777776 0.02726337448559671
0 0.32925106841635027 0.8036097928727268 0.016975308641975308 0.024691358024691357
0 0.3251051834171632 0.8616140197390936 0.021604938271604937 0.030864197530864196
0 0.3645040176243047 0.8723234947296558 0.023148148148148147 0.040123456790123455
0 0.39899450620477356 0.8880871454132764 0.022376543209876542 0.03292181069958848
0 0.42504902819427615 0.8907643484338034 0.017746913580246913 0.03189300411522634
0 0.3507758916628938 0.9500804718020797 0.020061728395061727 0.0360082304526749
0 0.4287908221027553 0.9354913689563144 0.02854938271604938 0.0360082304526749
0 0.4551858864927903 0.9178946593629578 0.027777777777777776 0.033950617283950615
0 0.5341237740489378 0.8955624706718954 0.02546296296296296 0.033950617283950615
