0 0.3606908604655687 0.31412083284650466 0.09921875 0.13125
0 0.46916813107485156 0.1290389279892173 0.0625 0.08125
0 0.5322062291709597 0.12400003087843897 0.04921875 0.10416666666666667
0 0.5845582309934152 0.11390671570937703 0.053125 0.08020833333333334
0 0.6177500837943135 0.13327586444011577 0.03984375 0.04895833333333333
0 0.5556762692068882 0.06099257325169175 0.02265625 0.03854166666666667
0 0.598747943044912 0.20909164396566554 0.0625 0.109375
0 0.8038645765497041 0.09760629590618362 0.0578125 0.084375
0 0.5845071737281449 0.32007284218283244 0.04375 0.0875
0 0.6436400286164685 0.35236866767484887 0.06328125 0.06770833333333333
0 0.6785213236997025 0.2831068713766446 0.07265625 0.06770833333333333
0 0.7307696646610801 0.3150307689441101 0.0734375 0.090625
0 0.6229006061808395 0.4081430547944104 0.0453125 0.07708333333333334
0 0.6470750044074871 0.18769892060458754 0.04140625 0.08020833333333334
0 0.8718398345568896 0.18895909126945826 0.0390625 0.04791666666666667
0 0.7784426880751519 0.36443863493951995 0.07890625 0.09895833333333333
0 0.8251774600092837 0.4099614529435126 0.07109375 0.09895833333333333
0 0.5765131865499995 0.7561595943714602 0.06796875 0.13020833333333334
0 0.5366509193206578 0.7953639763295443 0.06484375 0.10104166666666667
0 0.4304382235485023 0.5747909761960087 0.075 0.115625
0 0.4131901378994002 0.6417694523920174 0.078125 0.12291666666666666
0 0.5528998980715566 0.6564317328524969 0.08046875 0.11354166666666667
0 0.5705358581131736 0.6221216812678657 0.0625 0.090625
0 0.16264928919580682 0.37082237909301186 0.053125 0.09270833333333334
