0 0.19223625461639574 0.28686417688454896 0.020061728395061727 0.026748971193415638
0 0.13050305665661094 0.3509621876102586 0.017361111111111112 0.03446502057613169
0 0.1846912400539644 0.4469234255419027 0.019675925925925927 0.026748971193415638
0 0.20479352314289778 0.4459955204095501 0.02044753086419753 0.03806584362139918
0 0.17186131922983522 0.33942752003893206 0.016589506172839507 0.02726337448559671
0 0.2686163631565007 0.40500616251634847 0.015046296296296295 0.016975308641975308
0 0.23798439644873087 0.4171859767567074 0.01427469135802469 0.018518518518518517
0 0.26226175545190983 0.4292894519996045 0.02044753086419753 0.02726337448559671
0 0.3098541867534553 0.39867488026228876 0.013503086419753086 0.03292181069958848
0 0.2990868390127884 0.41030797527759155 0.015046296296296295 0.021604938271604937
0 0.2049994129196404 0.4868430018897507 0.024691358024691357 0.02263374485596708
0 0.2252479788498542 0.4811399685156101 0.016589506172839507 0.028292181069958847
0 0.21412401955510998 0.5631748997809815 0.01890432098765432 0.03497942386831276
0 0.2334376341895449 0.5678958662847148 0.02199074074074074 0.029320987654320986
0 0.24824020266459498 0.5540181104319757 0.016975308641975308 0.030349794238683128
0 0.29814509609358936 0.4998103244948125 0.02199074074074074 0.026234567901234566
0 0.30754136066400417 0.48129527434700914 0.018132716049382717 0.030864197530864196
0 0.20304482314762828 0.6445117596432823 0.01890432098765432 0.0360082304526749
0 0.1752085660164089 0.677102083440232 0.015432098765432098 0.028292181069958847
0 0.1743295106440424 0.72156852275883 0.018132716049382717 0.033950617283950615
0 0.23660036043231825 0.6706994102047772 0.020833333333333332 0.037037037037037035
0 0.34137389165905097 0.5696663470696143 0.023148148148148147 0.0360082304526749
0 0.33704004154269124 0.5424852539602278 0.018518518518518517 0.02417695473251029
0 0.11472302916256091 0.6236509045646984 0.018132716049382717 0.03497942386831276
0 0.19746009809462275 0.7449054408623762 0.015817901234567902 0.030864197530864196
0 0.1956630217233654 0.712246531546292 0.016975308641975308 0.024691358024691357
0 0.2117540724369014 0.7082014591862219 0.016589506172839507 0.0257201646090535
0 0.2128533644528694 0.729297427464382 0.016589506172839507 0.030864197530864196
0 0.2771072670042116 0.7098495241681594 0.022762345679012346 0.02417695473251029
0 0.3220535829245205 0.4237306802336057 0.019290123456790122 0.03343621399176955
0 0.34150655555747694 0.42212193294152317 0.017361111111111112 0.03292181069958848
0 0.4375917452425521 0.3426958618188789 0.021604938271604937 0.03446502057613169
0 0.44846853214267784 0.3717518055358896 0.017361111111111112 0.029835390946502057
0 0.46172331858579163 0.38118022031206583 0.02044753086419753 0.02263374485596708
0 0.5053762518462337 0.47102311192981905 0.016975308641975308 0.023662551440329218
0 0.2690860273587621 0.6071665849514806 0.015817901234567902 0.03189300411522634
0 0.3655714995991707 0.6337221458303159 0.021219135802469136 0.0360082304526749
0 0.2546898051384613 0.7660019832360982 0.017746913580246913 0.02880658436213992
0 0.25096756065291365 0.8223873241369145 0.027777777777777776 0.03189300411522634
0 0.30658938154801274 0.7995616724090615 0.018518518518518517 0.03189300411522634
0 0.3462790591510289 0.8755637406687898 0.023148148148148147 0.03806584362139918
0 0.3761953168439394 0.8961588238860593 0.019290123456790122 0.037037037037037035
0 0.39309395503422573 0.8853385514113543 0.019290123456790122 0.03189300411522634
0 0.2205816744537559 0.90055780304951 0.021604938271604937 0.0360082304526749
0 0.18301490479366855 0.8712529852602979 0.018518518518518517 0.0360082304526749
0 0.3801243122495728 0.8431995395890725 0.026234567901234566 0.029835390946502057
0 0.5199393363894425 0.752662441408741 0.03009259259259259 0.023662551440329218
0 0.4343702113803493 0.6780673175370759 0.019675925925925927 0.03960905349794239
