0 0.35378086419753085 0.9830246913580247 0.020061728395061727 0.026748971193415638
0 0.27102623456790126 0.9565329218106996 0.017361111111111112 0.03446502057613169
0 0.267554012345679 0.8040123456790124 0.019675925925925927 0.026748971193415638
0 0.2845293209876543 0.7896090534979424 0.02044753086419753 0.03806584362139918
0 0.3107638888888889 0.9380144032921811 0.016589506172839507 0.02726337448559671
0 0.357445987654321 0.7878086419753086 0.015046296296296295 0.016975308641975308
0 0.326195987654321 0.7973251028806584 0.01427469135802469 0.018518518518518517
0 0.3400848765432099 0.7646604938271605 0.02044753086419753 0.02726337448559671
0 0.39448302469135804 0.7633744855967078 0.013503086419753086 0.03292181069958848
0 0.37982253086419754 0.7582304526748971 0.015046296296296295 0.021604938271604937
0 0.26427469135802467 0.7422839506172839 0.024691358024691357 0.02263374485596708
0 0.2837577160493827 0.7332818930041153 0.016589506172839507 0.028292181069958847
0 0.2336033950617284 0.647119341563786 0.01890432098765432 0.03497942386831276
0 0.24710648148148148 0.6268004115226338 0.02199074074074074 0.029320987654320986
0 0.2662037037037037 0.6314300411522634 0.016975308641975308 0.030349794238683128
0 0.33429783950617287 0.6556069958847737 0.02199074074074074 0.026234567901234566
0 0.35127314814814814 0.6697530864197531 0.018132716049382717 0.030864197530864196
0 0.18383487654320987 0.5617283950617284 0.01890432098765432 0.0360082304526749
0 0.14467592592592593 0.5455246913580247 0.015432098765432098 0.028292181069958847
0 0.12172067901234568 0.4948559670781893 0.018132716049382717 0.033950617283950615
0 0.19830246913580246 0.5056584362139918 0.020833333333333332 0.037037037037037035
0 0.33487654320987653 0.5416666666666666 0.023148148148148147 0.0360082304526749
0 0.3449074074074074 0.5763888888888888 0.018518518518518517 0.02417695473251029
0 0.12172067901234568 0.6538065843621399 0.018132716049382717 0.03497942386831276
0 0.12905092592592593 0.45010288065843623 0.015817901234567902 0.030864197530864196
0 0.14390432098765432 0.48919753086419754 0.016975308641975308 0.024691358024691357
0 0.15914351851851852 0.48148148148148145 0.016589506172839507 0.0257201646090535
0 0.14949845679012347 0.45627572016460904 0.016589506172839507 0.030864197530864196
0 0.21199845679012347 0.42926954732510286 0.022762345679012346 0.02417695473251029
0 0.39197530864197533 0.7250514403292181 0.019290123456790122 0.03343621399176955
0 0.4087577160493827 0.7119341563786008 0.017361111111111112 0.03292181069958848
0 0.527391975308642 0.7296810699588477 0.021604938271604937 0.03446502057613169
0 0.5217978395061729 0.6877572016460906 0.017361111111111112 0.029835390946502057
0 0.5279706790123457 0.6666666666666666 0.02044753086419753 0.02263374485596708
0 0.5189043209876543 0.529320987654321 0.016975308641975308 0.023662551440329218
0 0.25675154320987653 0.5540123456790124 0.015817901234567902 0.03189300411522634
0 0.32272376543209874 0.44907407407407407 0.021219135802469136 0.0360082304526749
0 0.16550925925925927 0.3816872427983539 0.017746913580246913 0.02880658436213992
0 0.13425925925925927 0.3194444444444444 0.027777777777777776 0.03189300411522634
0 0.19135802469135801 0.3029835390946502 0.018518518518518517 0.03189300411522634
0 0.18595679012345678 0.18467078189300412 0.023148148148148147 0.03806584362139918
0 0.20023148148148148 0.13786008230452676 0.019290123456790122 0.037037037037037035
0 0.2195216049382716 0.13734567901234568 0.019290123456790122 0.03189300411522634
0 0.07021604938271606 0.2525720164609053 0.021604938271604937 0.0360082304526749
0 0.05401234567901234 0.3153292181069959 0.018518518518518517 0.0360082304526749
0 0.22993827160493827 0.19598765432098766 0.026234567901234566 0.029835390946502057
0 0.3900462962962963 0.19290123456790123 0.03009259259259259 0.023662551440329218
0 0.3570601851851852 0.3449074074074074 0.019675925925925927 0.03960905349794239
