0 0.9109375 0.72568093385214 0.04479166666666667 0.08482490272373541
0 0.8630208333333333 0.7 0.04479166666666667 0.07704280155642024
0 0.9140625 0.6081712062256809 0.03854166666666667 0.05525291828793774
0 0.8791666666666667 0.5750972762645914 0.04791666666666667 0.08093385214007782
0 0.8596354166666667 0.335408560311284 0.0359375 0.06536964980544747
0 0.8518229166666667 0.222568093385214 0.030729166666666665 0.049805447470817124
0 0.83203125 0.20583657587548637 0.030729166666666665 0.047470817120622566
0 0.8963541666666667 0.038910505836575876 0.03958333333333333 0.06536964980544747
0 0.23906249999999996 0.4 0.04791666666666667 0.09182879377431907
0 0.86171875 0.9513618677042801 0.021354166666666667 0.045914396887159536
0 0.8796875 0.9264591439688716 0.035416666666666666 0.047470817120622566
0 0.8458333333333333 0.9151750972762646 0.03958333333333333 0.04357976653696498
0 0.22447916666666667 0.6821011673151751 0.053125 0.09260700389105059
0 0.25546875 0.7287937743190661 0.0671875 0.09883268482490272
0 0.29374999999999996 0.6478599221789884 0.04895833333333333 0.09105058365758754
0 0.2919270833333333 0.44357976653696496 0.0578125 0.08249027237354085
0 0.30833333333333335 0.556420233463035 0.03854166666666667 0.051361867704280154
0 0.36406249999999996 0.5486381322957199 0.03333333333333333 0.07937743190661478
0 0.3927083333333333 0.5428015564202334 0.03958333333333333 0.0754863813229572
0 0.40390625 0.4840466926070039 0.04114583333333333 0.07315175097276265
0 0.5432291666666667 0.2723735408560311 0.020833333333333332 0.045136186770428015
0 0.5260416666666667 0.27626459143968873 0.025 0.05291828793774319
0 0.51171875 0.3486381322957198 0.0296875 0.045136186770428015
