0 0.46996128707714435 0.39651120533637896 0.05 0.07891637220259129
0 0.45248890121934604 0.37061612025024 0.03307692307692308 0.04240282685512368
0 0.5067068546821188 0.5188364445766279 0.05153846153846154 0.10365135453474676
0 0.557875233591304 0.483741810093904 0.06307692307692307 0.10129564193168433
0 0.4868220021475815 0.5723124243049739 0.036923076923076927 0.07420494699646643
0 0.49150073991871024 0.4866160467362094 0.040769230769230766 0.04711425206124853
0 0.33262750316808726 0.5490873429298578 0.045384615384615384 0.07773851590106007
0 0.6410322196320246 0.00899472098719352 0.040769230769230766 0.05182567726737338
0 0.6267509130135076 0.030639145064664197 0.03076923076923077 0.05535924617196702
0 0.5848170029286431 0.09640578803291912 0.02923076923076923 0.045936395759717315
0 0.5002213732029857 0.23716674433871182 0.04 0.05653710247349823
0 0.3225517943097185 0.350750569306163 0.05692307692307692 0.08244994110718493
0 0.0889155259928852 0.6158185563800459 0.04846153846153846 0.08362779740871613
0 0.1517870599906378 0.595735165927199 0.052307692307692305 0.08480565371024736
0 0.1942685620228812 0.6096234810641057 0.04384615384615385 0.07420494699646643
0 0.8749126611232446 0.6189456784170762 0.043076923076923075 0.0624263839811543
0 0.2455200489775378 0.7805160212985787 0.03307692307692308 0.048292108362779744
0 0.340222701297317 0.8584689341965153 0.05 0.09187279151943463
0 0.39740758133357784 0.6642299246773465 0.05307692307692308 0.08833922261484099
0 0.5079161947392347 0.7198811547205543 0.03076923076923077 0.06831566548881036
0 0.5382630885040989 0.7797817312355957 0.03307692307692308 0.06007067137809187
0 0.47166299079723556 0.6629724080164213 0.03461538461538462 0.0636042402826855
0 0.7207854805119123 0.6992044857873256 0.02923076923076923 0.043580683156654886
0 0.7245053881119495 0.5754801627149106 0.027692307692307693 0.03769140164899882
