0 0.20038461538461538 0.8508891928864569 0.03307692307692308 0.06566347469220246
0 0.23115384615384615 0.79890560875513 0.025384615384615384 0.06566347469220246
0 0.09692307692307692 0.847469220246238 0.024615384615384615 0.04240766073871409
0 0.2611538461538462 0.8693570451436389 0.031538461538461536 0.047879616963064295
0 0.3153846153846154 0.8891928864569083 0.03230769230769231 0.05198358413132695
0 0.3403846153846154 0.7879616963064295 0.03 0.05471956224350205
0 0.4076923076923077 0.7161422708618331 0.033846153846153845 0.0533515731874145
0 0.39653846153846156 0.460328317373461 0.026923076923076925 0.04514363885088919
0 0.2865384615384615 0.4261285909712722 0.025384615384615384 0.058823529411764705
0 0.2296153846153846 0.3406292749658003 0.026923076923076925 0.060191518467852256
0 0.24653846153846154 0.34610123119015046 0.023846153846153847 0.04377564979480164
0 0.22653846153846155 0.2920656634746922 0.02076923076923077 0.04514363885088919
0 0.20961538461538462 0.28796169630642954 0.022307692307692306 0.06155950752393981
0 0.3 0.3276333789329685 0.018461538461538463 0.0506155950752394
0 0.2846153846153846 0.3385772913816689 0.016923076923076923 0.0506155950752394
0 0.31461538461538463 0.35841313269493846 0.026153846153846153 0.046511627906976744
0 0.3261538461538461 0.3891928864569083 0.02923076923076923 0.04514363885088919
0 0.4430769230769231 0.2948016415868673 0.024615384615384615 0.058823529411764705
0 0.4553846153846154 0.054035567715458255 0.03076923076923077 0.0533515731874145
0 0.5261538461538462 0.6272229822161423 0.033846153846153845 0.08344733242134063
0 0.4584615384615385 0.3755129958960328 0.027692307692307693 0.0533515731874145
0 0.5542307692307692 0.6415868673050615 0.03461538461538462 0.060191518467852256
0 0.5696153846153846 0.7831737346101231 0.023846153846153847 0.0506155950752394
0 0.5923076923076923 0.6600547195622435 0.033846153846153845 0.06155950752393981
0 0.6165384615384616 0.6477428180574556 0.03 0.058823529411764705
0 0.6107692307692307 0.70109439124487 0.036923076923076927 0.06429548563611491
0 0.6080769230769231 0.750341997264022 0.031538461538461536 0.047879616963064295
0 0.64 0.887140902872777 0.03230769230769231 0.058823529411764705
0 0.696923076923077 0.8912448700410397 0.024615384615384615 0.0560875512995896
0 0.7496153846153846 0.9555403556771546 0.03307692307692308 0.06155950752393981
0 0.7773076923076923 0.86593707250342 0.03307692307692308 0.057455540355677154
0 0.7288461538461538 0.6662106703146375 0.02846153846153846 0.057455540355677154
0 0.4926923076923077 0.32352941176470584 0.02846153846153846 0.06155950752393981
0 0.4757692307692308 0.4288645690834473 0.026923076923076925 0.06155950752393981
0 0.49653846153846154 0.4288645690834473 0.026923076923076925 0.07797537619699042
0 0.5176923076923077 0.4035567715458276 0.024615384615384615 0.07113543091655267
0 0.5507692307692308 0.39603283173734605 0.027692307692307693 0.06429548563611491
0 0.536923076923077 0.5027359781121752 0.03538461538461538 0.0560875512995896
0 0.5584615384615385 0.47058823529411764 0.03230769230769231 0.07660738714090287
0 0.5969230769230769 0.42202462380300954 0.02923076923076923 0.07523939808481532
0 0.6157692307692307 0.43570451436388513 0.026923076923076925 0.058823529411764705
0 0.6346153846153846 0.460328317373461 0.02923076923076923 0.0506155950752394
0 0.67 0.5294117647058824 0.036923076923076927 0.049247606019151846
0 0.5873076923076923 0.612859097127223 0.03 0.05471956224350205
0 0.7519230769230769 0.4979480164158687 0.026923076923076925 0.06566347469220246
0 0.8323076923076923 0.39466484268125857 0.03076923076923077 0.04514363885088919
0 0.8157692307692308 0.35909712722298226 0.026923076923076925 0.0560875512995896
0 0.8496153846153847 0.344733242134063 0.025384615384615384 0.05198358413132695
0 0.8880769230769231 0.3673050615595075 0.031538461538461536 0.04240766073871409
0 0.7896153846153846 0.2934336525307798 0.022307692307692306 0.058823529411764705
0 0.785 0.24623803009575929 0.03307692307692308 0.03556771545827633
0 0.7638461538461538 0.19288645690834472 0.026153846153846153 0.060191518467852256
0 0.755 0.15458276333789334 0.026923076923076925 0.07113543091655267
0 0.7792307692307693 0.1470588235294118 0.026153846153846153 0.06976744186046512
0 0.7638461538461538 0.11354309165526677 0.027692307692307693 0.04377564979480164
0 0.6526923076923077 0.03146374829001364 0.026923076923076925 0.049247606019151846
0 0.8480769230769231 0.23871409028727775 0.026923076923076925 0.0533515731874145
0 0.8365384615384616 0.12859097127222985 0.026923076923076925 0.046511627906976744
0 0.855 0.07045143638850893 0.025384615384615384 0.06155950752393981
0 0.8457692307692307 0.017099863201094356 0.031538461538461536 0.03419972640218878
0 0.8811538461538462 0.06771545827633374 0.025384615384615384 0.06429548563611491
0 0.8984615384615384 0.019835841313269542 0.033846153846153845 0.036935704514363885
0 0.5946153846153847 0.26265389876880985 0.03076923076923077 0.03556771545827633
0 0.5742307692307692 0.23939808481532143 0.025384615384615384 0.060191518467852256
