0 0.18325617283950618 0.5316358024691358 0.02700617283950617 0.03960905349794239
0 0.3157793209876543 0.419238683127572 0.022762345679012346 0.0411522633744856
0 0.19540895061728394 0.09387860082304526 0.025848765432098766 0.03652263374485597
0 0.17901234567901234 0.14068930041152264 0.023919753086419752 0.03446502057613169
0 0.03915895061728395 0.28600823045267487 0.025848765432098766 0.037037037037037035
0 0.1869212962962963 0.26774691358024694 0.01890432098765432 0.032407407407407406
0 0.14564043209876543 0.3271604938271605 0.01890432098765432 0.027777777777777776
0 0.11381172839506173 0.4017489711934156 0.013888888888888888 0.029835390946502057
0 0.13097993827160495 0.41538065843621397 0.017361111111111112 0.025205761316872428
0 0.10358796296296297 0.4495884773662551 0.017361111111111112 0.033950617283950615
0 0.1267361111111111 0.4462448559670782 0.011959876543209876 0.023148148148148147
0 0.14467592592592593 0.44393004115226337 0.016975308641975308 0.02263374485596708
0 0.1267361111111111 0.5012860082304527 0.01890432098765432 0.02726337448559671
0 0.1275077160493827 0.6224279835390947 0.017361111111111112 0.03189300411522634
0 0.22106481481481483 0.6157407407407407 0.022376543209876542 0.03189300411522634
0 0.330054012345679 0.5069444444444444 0.024305555555555556 0.03446502057613169
0 0.39699074074074076 0.5972222222222222 0.016975308641975308 0.03189300411522634
0 0.40219907407407407 0.6751543209876543 0.017361111111111112 0.02726337448559671
0 0.3325617283950617 0.73559670781893 0.015432098765432098 0.029835390946502057
0 0.31712962962962965 0.7723765432098766 0.015432098765432098 0.025205761316872428
0 0.2837577160493827 0.7057613168724279 0.013503086419753086 0.029835390946502057
0 0.33526234567901236 0.753858024691358 0.013888888888888888 0.01594650205761317
0 0.17804783950617284 0.7518004115226338 0.01890432098765432 0.025205761316872428
0 0.17573302469135801 0.7816358024691358 0.02044753086419753 0.03446502057613169
0 0.22280092592592593 0.915380658436214 0.01890432098765432 0.032407407407407406
0 0.19618055555555555 0.47608024691358025 0.017361111111111112 0.03652263374485597
0 0.20910493827160495 0.3912037037037037 0.018518518518518517 0.02726337448559671
0 0.2345679012345679 0.5946502057613169 0.018518518518518517 0.029835390946502057
0 0.2604166666666667 0.6018518518518519 0.020061728395061727 0.029835390946502057
0 0.15952932098765432 0.3428497942386831 0.017361111111111112 0.026234567901234566
0 0.16338734567901234 0.40406378600823045 0.017361111111111112 0.028292181069958847
0 0.17611882716049382 0.41898148148148145 0.015817901234567902 0.023148148148148147
0 0.4506172839506173 0.23713991769547324 0.014660493827160493 0.024691358024691357
0 0.43537808641975306 0.20267489711934156 0.021219135802469136 0.026748971193415638
