0 0.1615410052910053 0.972718253968254 0.07308201058201058 0.054563492063492064
0 0.21626984126984128 0.9616815476190477 0.06018518518518518 0.056299603174603176
0 0.3644179894179894 0.9469246031746031 0.06415343915343916 0.0496031746031746
0 0.2152777777777778 0.8191964285714286 0.056216931216931214 0.04811507936507937
0 0.16203703703703703 0.8322172619047619 0.05026455026455026 0.050347222222222224
0 0.22271825396825398 0.7559523809523809 0.055224867724867725 0.04811507936507937
0 0.05638227513227513 0.7140376984126984 0.05324074074074074 0.04365079365079365
0 0.04431216931216931 0.6403769841269842 0.05092592592592592 0.04662698412698413
0 0.0763888888888889 0.6970486111111112 0.041005291005291 0.03844246031746032
0 0.18551587301587302 0.7218501984126984 0.03306878306878307 0.028025793650793652
0 0.2743055555555556 0.6526537698412698 0.049933862433862435 0.045882936507936505
0 0.33101851851851855 0.6331845238095238 0.0291005291005291 0.030753968253968252
0 0.3740079365079365 0.6350446428571428 0.03306878306878307 0.028521825396825396
0 0.52744708994709 0.8256448412698413 0.03505291005291005 0.032242063492063495
0 0.603505291005291 0.939484126984127 0.046957671957671955 0.042162698412698416
0 0.6245039682539683 0.9051339285714286 0.04927248677248677 0.051835317460317464
0 0.6626984126984127 0.8758680555555556 0.04894179894179894 0.03844246031746032
0 0.6254960317460317 0.6873759920634921 0.05125661375661376 0.045882936507936505
0 0.7071759259259259 0.8345734126984127 0.04398148148148148 0.04117063492063492
0 0.7488425925925926 0.8345734126984127 0.03736772486772487 0.03968253968253968
0 0.7542989417989417 0.8849206349206349 0.052248677248677246 0.04117063492063492
0 0.7371031746031746 0.7686011904761905 0.05423280423280423 0.053075396825396824
0 0.7513227513227513 0.7134176587301587 0.05886243386243386 0.057291666666666664
0 0.845734126984127 0.7358630952380952 0.05324074074074074 0.04365079365079365
0 0.8202711640211641 0.6927083333333333 0.07705026455026455 0.061507936507936505
0 0.7919973544973545 0.7423115079365079 0.05092592592592592 0.04117063492063492
0 0.5916005291005291 0.5502232142857143 0.08068783068783068 0.06572420634920635
0 0.8645833333333334 0.5235615079365079 0.07175925925925926 0.053075396825396824
0 0.34011243386243384 0.5928819444444444 0.04133597883597884 0.03050595238095238
0 0.3146494708994709 0.5659722222222222 0.020833333333333332 0.029265873015873016
0 0.3010912698412698 0.5550595238095238 0.028769841269841268 0.02628968253968254
0 0.26521164021164023 0.574156746031746 0.03505291005291005 0.032242063492063495
0 0.33664021164021163 0.6912202380952381 0.026455026455026454 0.025297619047619048
0 0.718584656084656 0.3157242063492064 0.07208994708994709 0.062003968253968256
0 0.8720238095238095 0.2678571428571429 0.056216931216931214 0.057539682539682536
0 0.8981481481481481 0.2914186507936508 0.03835978835978836 0.03819444444444445
0 0.8796296296296297 0.21875 0.047619047619047616 0.03869047619047619
0 0.9067460317460317 0.19816468253968256 0.041005291005291 0.03720238095238095
0 0.4376653439153439 0.02182539682539686 0.06712962962962964 0.04365079365079365
0 0.6036706349206349 0.0279017857142857 0.09424603174603174 0.05580357142857143
0 0.5333994708994709 0.0959821428571429 0.06415343915343916 0.06547619047619048
0 0.5962301587301587 0.17819940476190477 0.08531746031746032 0.058779761904761904
0 0.5787037037037037 0.23722718253968256 0.0701058201058201 0.056299603174603176
0 0.5100859788359788 0.16468253968253965 0.06514550264550265 0.06746031746031746
0 0.460978835978836 0.11768353174603174 0.041005291005291 0.03844246031746032
0 0.4313822751322751 0.10677083333333337 0.040013227513227514 0.037450396825396824
0 0.40773809523809523 0.14211309523809523 0.05291005291005291 0.036210317460317464
0 0.3726851851851852 0.15228174603174605 0.041005291005291 0.03521825396825397
0 0.4748677248677249 0.21924603174603174 0.037037037037037035 0.03521825396825397
0 0.4287367724867725 0.23499503968253965 0.05324074074074074 0.04439484126984127
0 0.5279431216931217 0.3203125 0.06316137566137567 0.06473214285714286
0 0.48197751322751325 0.30295138888888884 0.05720899470899471 0.057291666666666664
0 0.31101190476190477 0.3473462301587301 0.045965608465608467 0.043402777777777776
0 0.23363095238095238 0.01723710317460314 0.055224867724867725 0.03447420634920635
0 0.20502645502645503 0.13864087301587302 0.041005291005291 0.03422619047619048
0 0.23115079365079366 0.14880952380952384 0.036375661375661374 0.039186507936507936
0 0.13541666666666666 0.1941964285714286 0.054563492063492064 0.044642857142857144
0 0.21362433862433863 0.20448908730158732 0.04431216931216931 0.03249007936507937
0 0.19758597883597884 0.22929067460317465 0.05125661375661376 0.035962301587301584
0 0.7999338624338624 0.49627976190476186 0.05952380952380952 0.06398809523809523
0 0.45701058201058203 0.40625 0.04298941798941799 0.03968253968253968
0 0.36044973544973546 0.40451388888888884 0.05886243386243386 0.05009920634920635
0 0.43287037037037035 0.3792162698412699 0.03439153439153439 0.036210317460317464
0 0.38095238095238093 0.37574404761904767 0.05092592592592592 0.03521825396825397
0 0.6011904761904762 0.46031746031746035 0.03373015873015873 0.03373015873015873
0 0.04133597883597884 0.3484623015873016 0.04365079365079365 0.05406746031746032
0 0.08630952380952381 0.36780753968253965 0.046296296296296294 0.04712301587301587
0 0.12334656084656084 0.2899305555555556 0.046296296296296294 0.023313492063492064
0 0.18584656084656084 0.37103174603174605 0.05886243386243386 0.04662698412698413
0 0.25297619047619047 0.36210317460317465 0.04894179894179894 0.0496031746031746
0 0.26256613756613756 0.4020337301587301 0.04034391534391534 0.029265873015873016
0 0.22552910052910052 0.41220238095238093 0.03373015873015873 0.028769841269841268
0 0.3115079365079365 0.4176587301587301 0.057539682539682536 0.05952380952380952
0 0.25496031746031744 0.4665178571428571 0.04894179894179894 0.027281746031746032
