0 0.8384589947089947 0.027281746031746032 0.07308201058201058 0.054563492063492064
0 0.7837301587301587 0.038318452380952384 0.06018518518518518 0.056299603174603176
0 0.6355820105820106 0.053075396825396824 0.06415343915343916 0.0496031746031746
0 0.7847222222222222 0.18080357142857142 0.056216931216931214 0.04811507936507937
0 0.837962962962963 0.16778273809523808 0.05026455026455026 0.050347222222222224
0 0.777281746031746 0.24404761904761904 0.055224867724867725 0.04811507936507937
0 0.9436177248677249 0.28596230158730157 0.05324074074074074 0.04365079365079365
0 0.9556878306878307 0.35962301587301587 0.05092592592592592 0.04662698412698413
0 0.9236111111111112 0.3029513888888889 0.041005291005291 0.03844246031746032
0 0.814484126984127 0.27814980158730157 0.03306878306878307 0.028025793650793652
0 0.7256944444444444 0.3473462301587302 0.049933862433862435 0.045882936507936505
0 0.6689814814814814 0.36681547619047616 0.0291005291005291 0.030753968253968252
0 0.6259920634920635 0.36495535714285715 0.03306878306878307 0.028521825396825396
0 0.47255291005291 0.17435515873015872 0.03505291005291005 0.032242063492063495
0 0.39649470899470896 0.060515873015873016 0.046957671957671955 0.042162698412698416
0 0.37549603174603174 0.09486607142857142 0.04927248677248677 0.051835317460317464
0 0.3373015873015873 0.12413194444444445 0.04894179894179894 0.03844246031746032
0 0.37450396825396826 0.31262400793650796 0.05125661375661376 0.045882936507936505
0 0.29282407407407407 0.1654265873015873 0.04398148148148148 0.04117063492063492
0 0.25115740740740744 0.1654265873015873 0.03736772486772487 0.03968253968253968
0 0.24570105820105825 0.11507936507936507 0.052248677248677246 0.04117063492063492
0 0.26289682539682535 0.23139880952380953 0.05423280423280423 0.053075396825396824
0 0.24867724867724872 0.2865823412698413 0.05886243386243386 0.057291666666666664
0 0.15426587301587302 0.26413690476190477 0.05324074074074074 0.04365079365079365
0 0.17972883597883593 0.3072916666666667 0.07705026455026455 0.061507936507936505
0 0.20800264550264547 0.25768849206349204 0.05092592592592592 0.04117063492063492
0 0.40839947089947093 0.4497767857142857 0.08068783068783068 0.06572420634920635
0 0.13541666666666663 0.47643849206349204 0.07175925925925926 0.053075396825396824
0 0.6598875661375662 0.4071180555555556 0.04133597883597884 0.03050595238095238
0 0.6853505291005291 0.4340277777777778 0.020833333333333332 0.029265873015873016
0 0.6989087301587302 0.44494047619047616 0.028769841269841268 0.02628968253968254
0 0.7347883597883598 0.42584325396825395 0.03505291005291005 0.032242063492063495
0 0.6633597883597884 0.3087797619047619 0.026455026455026454 0.025297619047619048
0 0.28141534391534395 0.6842757936507936 0.07208994708994709 0.062003968253968256
0 0.12797619047619047 0.7321428571428571 0.056216931216931214 0.057539682539682536
0 0.10185185185185186 0.7085813492063492 0.03835978835978836 0.03819444444444445
0 0.12037037037037035 0.78125 0.047619047619047616 0.03869047619047619
0 0.09325396825396826 0.8018353174603174 0.041005291005291 0.03720238095238095
0 0.562334656084656 0.9781746031746031 0.06712962962962964 0.04365079365079365
0 0.3963293650793651 0.9720982142857143 0.09424603174603174 0.05580357142857143
0 0.46660052910052907 0.9040178571428571 0.06415343915343916 0.06547619047619048
0 0.4037698412698413 0.8218005952380952 0.08531746031746032 0.058779761904761904
0 0.4212962962962963 0.7627728174603174 0.0701058201058201 0.056299603174603176
0 0.48991402116402116 0.8353174603174603 0.06514550264550265 0.06746031746031746
0 0.539021164021164 0.8823164682539683 0.041005291005291 0.03844246031746032
0 0.5686177248677249 0.8932291666666666 0.040013227513227514 0.037450396825396824
0 0.5922619047619048 0.8578869047619048 0.05291005291005291 0.036210317460317464
0 0.6273148148148149 0.847718253968254 0.041005291005291 0.03521825396825397
0 0.5251322751322751 0.7807539682539683 0.037037037037037035 0.03521825396825397
0 0.5712632275132274 0.7650049603174603 0.05324074074074074 0.04439484126984127
0 0.47205687830687826 0.6796875 0.06316137566137567 0.06473214285714286
0 0.5180224867724867 0.6970486111111112 0.05720899470899471 0.057291666666666664
0 0.6889880952380952 0.6526537698412699 0.045965608465608467 0.043402777777777776
0 0.7663690476190477 0.9827628968253969 0.055224867724867725 0.03447420634920635
0 0.794973544973545 0.861359126984127 0.041005291005291 0.03422619047619048
0 0.7688492063492063 0.8511904761904762 0.036375661375661374 0.039186507936507936
0 0.8645833333333334 0.8058035714285714 0.054563492063492064 0.044642857142857144
0 0.7863756613756614 0.7955109126984127 0.04431216931216931 0.03249007936507937
0 0.8024140211640212 0.7707093253968254 0.05125661375661376 0.035962301587301584
0 0.20006613756613756 0.5037202380952381 0.05952380952380952 0.06398809523809523
0 0.5429894179894179 0.59375 0.04298941798941799 0.03968253968253968
0 0.6395502645502645 0.5954861111111112 0.05886243386243386 0.05009920634920635
0 0.5671296296296297 0.6207837301587301 0.03439153439153439 0.036210317460317464
0 0.6190476190476191 0.6242559523809523 0.05092592592592592 0.03521825396825397
0 0.39880952380952384 0.5396825396825397 0.03373015873015873 0.03373015873015873
0 0.9586640211640212 0.6515376984126984 0.04365079365079365 0.05406746031746032
0 0.9136904761904762 0.6321924603174603 0.046296296296296294 0.04712301587301587
0 0.8766534391534392 0.7100694444444444 0.046296296296296294 0.023313492063492064
0 0.8141534391534392 0.628968253968254 0.05886243386243386 0.04662698412698413
0 0.7470238095238095 0.6378968253968254 0.04894179894179894 0.0496031746031746
0 0.7374338624338624 0.5979662698412699 0.04034391534391534 0.029265873015873016
0 0.7744708994708995 0.5877976190476191 0.03373015873015873 0.028769841269841268
0 0.6884920634920635 0.5823412698412699 0.057539682539682536 0.05952380952380952
0 0.7450396825396826 0.5334821428571429 0.04894179894179894 0.027281746031746032
