0 0.5861327782378772 0.1399282454492281 0.025958466453674122 0.03872282608695652
0 0.46240141312437194 0.13485481196589008 0.02476038338658147 0.04076086956521739
0 0.43754081272920037 0.16070649330082917 0.019568690095846646 0.03804347826086957
0 0.4578809580997501 0.1742937702673745 0.02156549520766773 0.03736413043478261
0 0.47412189084456097 0.15636182351262298 0.0231629392971246 0.03328804347826087
0 0.46255053942767566 0.19885621337945497 0.021166134185303515 0.033967391304347824
0 0.4739571599654117 0.21562934806495376 0.022763578274760384 0.036684782608695655
0 0.3157740142674899 0.3492884922960145 0.019169329073482427 0.04008152173913043
0 0.3302450891816871 0.35668935183012035 0.018769968051118212 0.035326086956521736
0 0.31855379894702535 0.3719282947702403 0.018769968051118212 0.033967391304347824
0 0.41600234543972753 0.3290506774118698 0.01757188498402556 0.036684782608695655
0 0.38385584175607856 0.37580764815698864 0.018370607028753993 0.03260869565217391
0 0.3917446280091061 0.37145122235967026 0.01637380191693291 0.036684782608695655
0 0.3669160272221303 0.39227486059567673 0.022364217252396165 0.03192934782608696
0 0.38976267396713243 0.39990608807484895 0.022763578274760384 0.036005434782608696
0 0.4352963461691569 0.3623543850929429 0.019968051118210862 0.029211956521739132
0 0.4249479092197202 0.40027863818263343 0.02036741214057508 0.04483695652173913
0 0.4460385198956208 0.4088151182125737 0.02036741214057508 0.042119565217391304
0 0.46598544314331103 0.36655109629080806 0.019968051118210862 0.04076086956521739
0 0.4669436485748507 0.3145511755506357 0.019169329073482427 0.029891304347826088
0 0.4827002311115537 0.3282128109026275 0.020766773162939296 0.03940217391304348
0 0.498642157743759 0.3381868081905735 0.015175718849840255 0.03804347826086957
0 0.5081852190947951 0.32506919355493163 0.017172523961661343 0.041440217391304345
0 0.5261592772238534 0.32095979266792307 0.017971246006389777 0.03736413043478261
0 0.48811297163582174 0.23918332953071816 0.018769968051118212 0.030570652173913044
0 0.5416711113856644 0.20774978246823422 0.021166134185303515 0.04008152173913043
0 0.5403808709249881 0.23561631570801583 0.026757188498402557 0.04619565217391304
0 0.5667534115697053 0.21700948434756268 0.023961661341853034 0.04008152173913043
0 0.591561022387329 0.21856033305818498 0.024361022364217253 0.043478260869565216
0 0.6156491381994622 0.16306656096445887 0.02196485623003195 0.03872282608695652
0 0.6019113800522676 0.18828276849661216 0.022763578274760384 0.04008152173913043
0 0.6204042233672991 0.18373211825305585 0.020766773162939296 0.034646739130434784
0 0.6107135796754621 0.21844939343816427 0.020766773162939296 0.036005434782608696
0 0.6213137953064622 0.20296179193569075 0.019169329073482427 0.041440217391304345
0 0.5810468252504077 0.2586847360581854 0.022763578274760384 0.04076086956521739
0 0.6209364535617853 0.23681768859333235 0.022364217252396165 0.04008152173913043
0 0.5839427073167159 0.2932866084028877 0.025958466453674122 0.04483695652173913
0 0.6145562807814673 0.2616592746299116 0.025159744408945688 0.041440217391304345
0 0.684081178563871 0.23311861496498051 0.021166134185303515 0.03736413043478261
0 0.37003604444697746 0.4981684920037747 0.019568690095846646 0.03260869565217391
0 0.334203510921466 0.48981567632725803 0.019968051118210862 0.036684782608695655
0 0.3569441785113724 0.5522519638975529 0.02036741214057508 0.03940217391304348
0 0.38926028381350963 0.5185882202983597 0.019968051118210862 0.03736413043478261
0 0.4094394018347453 0.5002483381175473 0.02036741214057508 0.03736413043478261
0 0.3927499599210261 0.5600392009363451 0.02036741214057508 0.04076086956521739
0 0.40546307805062004 0.5606986244931013 0.02156549520766773 0.04008152173913043
0 0.4303719351851691 0.5415717221702685 0.02476038338658147 0.036684782608695655
0 0.4492679809535684 0.5531514400206983 0.02036741214057508 0.03804347826086957
0 0.46872005900847474 0.5536682436789904 0.02156549520766773 0.043478260869565216
0 0.47387014911350434 0.5313437276280919 0.017172523961661343 0.030570652173913044
0 0.5513574359428366 0.5266239986085659 0.02036741214057508 0.044157608695652176
0 0.4547815910417628 0.5213985810502475 0.018370607028753993 0.03940217391304348
0 0.4648238536707541 0.5093272052117939 0.022763578274760384 0.03940217391304348
0 0.5101190542985597 0.3963776095835708 0.02356230031948882 0.034646739130434784
0 0.552183663609421 0.3729548124519643 0.020766773162939296 0.03872282608695652
0 0.5328118419020879 0.3741347447068458 0.020766773162939296 0.03736413043478261
0 0.4838265311495854 0.6011236110480355 0.017971246006389777 0.03736413043478261
0 0.5011571324367238 0.6043273216485303 0.019968051118210862 0.03940217391304348
0 0.6162627919510255 0.3814043026158542 0.02356230031948882 0.03872282608695652
0 0.6329761738579339 0.3639530160205663 0.0231629392971246 0.04076086956521739
0 0.6145052119194213 0.2967084932035908 0.0231629392971246 0.04483695652173913
0 0.6434019171311067 0.2630114356739107 0.024361022364217253 0.041440217391304345
0 0.9079640831800455 0.30950524814214925 0.027955271565495207 0.05298913043478261
0 0.8740271084494298 0.3260151386878406 0.018370607028753993 0.04076086956521739
0 0.5680844007594268 0.6691875924660265 0.026357827476038338 0.036684782608695655
0 0.4955891267096472 0.6843697094574351 0.034345047923322686 0.051630434782608696
0 0.5002754798229221 0.749218662001565 0.026357827476038338 0.04483695652173913
0 0.528582232424403 0.7239658732348373 0.027156549520766772 0.04755434782608696
0 0.5341092875211106 0.7457398339612109 0.02875399361022364 0.05434782608695652
0 0.7699024709888097 0.5928424100515508 0.027955271565495207 0.04755434782608696
0 0.7289997269528428 0.6864652197740198 0.031150159744408944 0.06114130434782609
0 0.5600165472115701 0.7287054092327546 0.020766773162939296 0.03872282608695652
0 0.5741040035804172 0.7184884125191383 0.018370607028753993 0.04551630434782609
0 0.5627767479830877 0.7528326998607164 0.022364217252396165 0.041440217391304345
0 0.530613987168257 0.7878368484947964 0.021166134185303515 0.03736413043478261
0 0.5011693092850711 0.7852292008941714 0.017971246006389777 0.030570652173913044
0 0.5076321737826319 0.7982647266198941 0.01757188498402556 0.029891304347826088
0 0.5050955935154857 0.8168955077343175 0.017172523961661343 0.04076086956521739
0 0.48448741233219095 0.7691187570695162 0.015175718849840255 0.033967391304347824
0 0.49697564179724785 0.8543951684327039 0.018370607028753993 0.03260869565217391
0 0.4479141549800065 0.9105382417261175 0.018370607028753993 0.041440217391304345
0 0.39396087239180244 0.8784738013721727 0.017172523961661343 0.028532608695652172
0 0.3500743070799466 0.9052112487242947 0.020766773162939296 0.035326086956521736
0 0.3816668370937592 0.9836519414553555 0.018370607028753993 0.04076086956521739
0 0.29542944881161365 0.9802232016016711 0.020766773162939296 0.04008152173913043
0 0.23512799305128734 0.9679723041853731 0.020766773162939296 0.042798913043478264
0 0.2502635147767567 0.9456855652853468 0.02156549520766773 0.03872282608695652
0 0.3555295421970865 0.7999664807801384 0.017172523961661343 0.04076086956521739
0 0.3163450724755196 0.8747720154664187 0.02036741214057508 0.03328804347826087
0 0.30838741626676147 0.816823775763346 0.023961661341853034 0.044157608695652176
0 0.282092696599948 0.8009469671878446 0.021166134185303515 0.036005434782608696
0 0.20399011110588772 0.7926583875397057 0.019169329073482427 0.03736413043478261
0 0.3268405771115896 0.7867144145062512 0.019568690095846646 0.036684782608695655
0 0.2120943203471115 0.771939592051291 0.02156549520766773 0.024456521739130436
0 0.3329245559019706 0.7480047749265841 0.018370607028753993 0.035326086956521736
0 0.34074587826060193 0.6604566848359816 0.019968051118210862 0.036005434782608696
0 0.23767235713110302 0.6889977822366586 0.018370607028753993 0.02717391304347826
0 0.28696603872188986 0.6567788486841981 0.019169329073482427 0.03328804347826087
0 0.2991761141425248 0.6410986563875304 0.017172523961661343 0.026494565217391304
0 0.3076926147604583 0.6462099843126802 0.019968051118210862 0.029211956521739132
0 0.21769460148472092 0.899845282655302 0.018370607028753993 0.041440217391304345
0 0.23590507257132748 0.8569990251305685 0.022763578274760384 0.042119565217391304
0 0.24344711062653962 0.9023574516848517 0.021166134185303515 0.03940217391304348
0 0.15365717727948322 0.6336706970863064 0.021166134185303515 0.04008152173913043
0 0.136727857730211 0.6389506660516799 0.02196485623003195 0.035326086956521736
0 0.1656236715347299 0.6546742946359031 0.02036741214057508 0.030570652173913044
0 0.14934689775071952 0.6623409074333517 0.02036741214057508 0.036684782608695655
0 0.21813899342028828 0.6297168680231718 0.018370607028753993 0.028532608695652172
0 0.21563389810717012 0.6147859187176523 0.02036741214057508 0.03260869565217391
0 0.2316637639489562 0.657043406031243 0.018370607028753993 0.033967391304347824
0 0.22575411961523378 0.6747189636991682 0.017971246006389777 0.03192934782608696
0 0.19909011781874997 0.6453304324588658 0.01637380191693291 0.03125
0 0.18090255741699734 0.6734488915650885 0.022763578274760384 0.030570652173913044
0 0.33957722153086695 0.5102492320187448 0.0231629392971246 0.03872282608695652
0 0.7638262760110981 0.37120830879692707 0.020766773162939296 0.041440217391304345
0 0.7402826681924605 0.369759035529809 0.02156549520766773 0.04619565217391304
0 0.7863877384050069 0.3823179265807075 0.029952076677316294 0.04483695652173913
0 0.8036151726597178 0.3985526996865395 0.026357827476038338 0.04551630434782609
0 0.831899014576345 0.3880277093383228 0.026757188498402557 0.052309782608695655
0 0.8587941818380389 0.38427300567755746 0.03314696485623003 0.050271739130434784
0 0.7542716903670507 0.33844579226386234 0.02196485623003195 0.04891304347826087
0 0.98334896249546 0.2774512505900793 0.021166134185303515 0.05366847826086957
0 0.9703655110846201 0.31291003824186314 0.020766773162939296 0.04076086956521739
0 0.9995465092402326 0.3251552765214779 0.022364217252396165 0.035326086956521736
0 0.8778115724855491 0.4022211716618066 0.019169329073482427 0.03804347826086957
0 0.9209625235619014 0.4131743421502213 0.025559105431309903 0.051630434782608696
0 0.8090213975314823 0.4424918996001042 0.0231629392971246 0.04619565217391304
0 0.6064733373119328 0.47297970468354594 0.02196485623003195 0.05434782608695652
0 0.9046308394848414 0.44059679646511357 0.02196485623003195 0.036684782608695655
0 0.9125540607157341 0.4673927034179907 0.02036741214057508 0.04076086956521739
0 0.961563964016762 0.4177651613772456 0.02476038338658147 0.03872282608695652
0 0.9518446474935653 0.44427016939651176 0.02156549520766773 0.041440217391304345
0 0.9870398630766615 0.4049217887099714 0.020766773162939296 0.04551630434782609
0 0.9870125963066362 0.37582252275123645 0.017971246006389777 0.043478260869565216
0 0.9975397237979028 0.36069125212704983 0.018370607028753993 0.041440217391304345
0 0.9092813515589167 0.49518041505194055 0.019568690095846646 0.042798913043478264
0 0.9772895762536044 0.49352221447019107 0.02476038338658147 0.04619565217391304
