0 0.21963851896566552 0.9048983571131893 0.04479166666666667 0.08482490272373541
0 0.25254181956366994 0.858076561861072 0.04479166666666667 0.07704280155642024
0 0.1776092729121725 0.8345312288952151 0.03854166666666667 0.05525291828793774
0 0.19676224273173362 0.7915795318620498 0.04791666666666667 0.08093385214007782
0 0.13346846806606513 0.6312886363861234 0.0359375 0.06536964980544747
0 0.10247387486646442 0.5567214192054799 0.030729166666666665 0.049805447470817124
0 0.11401500264969808 0.5336093344947642 0.030729166666666665 0.047470817120622566
0 0.002450347770855288 0.47239503065968785 0.03958333333333333 0.06536964980544747
0 0.6925149621333353 0.26957305211338345 0.04791666666666667 0.09182879377431907
0 0.3394318395245482 0.9795097174906082 0.03958333333333333 0.04357976653696498
0 0.799545540938525 0.4339192413887741 0.053125 0.09260700389105059
0 0.7883327745191636 0.4827330779565977 0.0671875 0.09883268482490272
0 0.7280969061972071 0.45764342161068056 0.04895833333333333 0.09105058365758754
0 0.6613162233395224 0.3306222442176549 0.0578125 0.08249027237354085
0 0.6848684107253508 0.4107495466755137 0.03854166666666667 0.051361867704280154
0 0.6340013699936138 0.4420118852472048 0.03333333333333333 0.07937743190661478
0 0.6072402256143721 0.4569500238275073 0.03958333333333333 0.0754863813229572
0 0.5778810869782443 0.428000494726307 0.04114583333333333 0.07315175097276265
0 0.38639056848223524 0.3877452324125338 0.020833333333333332 0.045136186770428015
0 0.40257746344311357 0.37902204786504656 0.025 0.05291828793774319
0 0.43920022313273444 0.414339178798834 0.0296875 0.045136186770428015
