0 0.7083333333333334 0.22633744855967078 0.022376543209876542 0.040123456790123455
0 0.6936728395061729 0.2417695473251029 0.020833333333333332 0.033950617283950615
0 0.6466049382716049 0.27211934156378603 0.017746913580246913 0.02263374485596708
0 0.6469907407407407 0.25411522633744854 0.021604938271604937 0.01748971193415638
0 0.5987654320987654 0.31430041152263377 0.016203703703703703 0.02880658436213992
0 0.5825617283950617 0.3287037037037037 0.016203703703703703 0.037037037037037035
0 0.7492283950617284 0.39351851851851855 0.022376543209876542 0.03497942386831276
0 0.8607253086419753 0.3852880658436214 0.016975308641975308 0.030864197530864196
0 0.6535493827160493 0.38271604938271603 0.019290123456790122 0.029835390946502057
0 0.5883487654320988 0.40483539094650206 0.020061728395061727 0.030864197530864196
0 0.5771604938271605 0.382201646090535 0.016203703703703703 0.024691358024691357
0 0.46334876543209874 0.30246913580246915 0.020061728395061727 0.027777777777777776
0 0.4722222222222222 0.3395061728395062 0.014660493827160493 0.0257201646090535
0 0.46334876543209874 0.36213991769547327 0.018518518518518517 0.01748971193415638
0 0.7202932098765432 0.4007201646090535 0.015432098765432098 0.026748971193415638
0 0.7368827160493827 0.41203703703703703 0.020833333333333332 0.02263374485596708
0 0.8013117283950617 0.48148148148148145 0.018518518518518517 0.0360082304526749
0 0.6423611111111112 0.463477366255144 0.023148148148148147 0.03497942386831276
0 0.6477623456790124 0.49948559670781895 0.023148148148148147 0.03292181069958848
0 0.785108024691358 0.536522633744856 0.023148148148148147 0.03909465020576132
0 0.845679012345679 0.5041152263374485 0.017746913580246913 0.029835390946502057
0 0.8668981481481481 0.5565843621399177 0.018518518518518517 0.03189300411522634
0 0.845679012345679 0.5601851851851852 0.014660493827160493 0.02263374485596708
0 0.8314043209876543 0.5684156378600823 0.018518518518518517 0.024691358024691357
0 0.8414351851851852 0.5931069958847737 0.021604938271604937 0.03292181069958848
0 0.8587962962962963 0.6044238683127572 0.019290123456790122 0.02880658436213992
0 0.7735339506172839 0.6141975308641975 0.024691358024691357 0.023662551440329218
0 0.6628086419753086 0.5931069958847737 0.022376543209876542 0.02880658436213992
0 0.6084104938271605 0.5406378600823045 0.021604938271604937 0.026748971193415638
0 0.4683641975308642 0.4974279835390947 0.016203703703703703 0.0205761316872428
0 0.4556327160493827 0.5092592592592593 0.018518518518518517 0.027777777777777776
0 0.6361882716049383 0.3698559670781893 0.023148148148148147 0.02880658436213992
0 0.6628086419753086 0.24074074074074073 0.013117283950617283 0.021604938271604937
0 0.6971450617283951 0.30246913580246915 0.018518518518518517 0.029835390946502057
0 0.32098765432098764 0.5612139917695473 0.016203703703703703 0.026748971193415638
0 0.31712962962962965 0.5246913580246914 0.017746913580246913 0.0257201646090535
0 0.24768518518518517 0.49794238683127573 0.017746913580246913 0.027777777777777776
0 0.22723765432098766 0.5401234567901234 0.015432098765432098 0.03189300411522634
0 0.24266975308641975 0.5416666666666666 0.015432098765432098 0.030864197530864196
0 0.9432870370370371 0.7247942386831275 0.017746913580246913 0.0360082304526749
0 0.8234953703703703 0.6597222222222222 0.017361111111111112 0.032407407407407406
0 0.7974537037037037 0.7433127572016461 0.021604938271604937 0.03806584362139918
0 0.8499228395061729 0.7368827160493827 0.018518518518518517 0.03343621399176955
0 0.5349151234567902 0.7723765432098766 0.016589506172839507 0.03755144032921811
0 0.7584876543209876 0.8539094650205762 0.02700617283950617 0.033950617283950615
0 0.7955246913580247 0.8719135802469136 0.022376543209876542 0.030864197530864196
0 0.5740740740740741 0.86059670781893 0.022376543209876542 0.02880658436213992
0 0.597608024691358 0.8436213991769548 0.029320987654320986 0.021604938271604937
0 0.78125 0.9202674897119342 0.021604938271604937 0.043209876543209874
