0 0.3840625 0.9179166666666667 0.040625 0.0475
0 0.3659375 0.95 0.055625 0.05333333333333334
0 0.4165625 0.9645833333333333 0.034375 0.04583333333333333
0 0.3928125 0.87875 0.051875 0.07083333333333333
0 0.3784375 0.8479166666666667 0.044375 0.06583333333333333
0 0.4790625 0.9625 0.045625 0.06333333333333334
0 0.4553125 0.9304166666666667 0.051875 0.059166666666666666
0 0.455 0.81375 0.05375 0.06583333333333333
0 0.50375 0.74625 0.04375 0.0625
0 0.533125 0.78625 0.035 0.0575
0 0.56375 0.7870833333333334 0.04125 0.059166666666666666
0 0.5746875 0.8354166666666667 0.051875 0.06416666666666666
0 0.58375 0.8829166666666667 0.04125 0.0625
0 0.5725 0.9425 0.0575 0.056666666666666664
0 0.6075 0.9175 0.03625 0.06833333333333333
0 0.634375 0.8804166666666666 0.0425 0.0475
0 0.636875 0.95875 0.0375 0.0425
0 0.4721875 0.7020833333333333 0.038125 0.05583333333333333
0 0.68 0.7683333333333333 0.05375 0.08
0 0.694375 0.6758333333333333 0.0475 0.06833333333333333
0 0.7346875 0.6941666666666667 0.048125 0.04666666666666667
0 0.601875 0.6008333333333333 0.0325 0.055
0 0.575625 0.60875 0.03 0.0375
0 0.538125 0.6125 0.0275 0.043333333333333335
0 0.5 0.5829166666666666 0.03625 0.050833333333333335
0 0.540625 0.5408333333333334 0.03 0.04666666666666667
0 0.5690625 0.66625 0.024375 0.0375
0 0.6203125 0.68125 0.023125 0.030833333333333334
0 0.6184375 0.6495833333333333 0.026875 0.035833333333333335
0 0.6384375 0.6575 0.024375 0.03833333333333333
0 0.65625 0.64375 0.03125 0.04583333333333333
0 0.5625 0.5820833333333333 0.02375 0.04583333333333333
0 0.414375 0.5220833333333333 0.04 0.049166666666666664
0 0.4503125 0.485 0.036875 0.051666666666666666
0 0.490625 0.4975 0.03375 0.05333333333333334
0 0.4784375 0.5529166666666666 0.026875 0.03916666666666667
0 0.5303125 0.4970833333333333 0.036875 0.060833333333333336
0 0.520625 0.5470833333333334 0.02875 0.034166666666666665
0 0.6075 0.47041666666666665 0.05125 0.06416666666666666
0 0.601875 0.5054166666666666 0.04375 0.03916666666666667
0 0.5653125 0.45458333333333334 0.028125 0.035833333333333335
0 0.54875 0.4245833333333333 0.0275 0.0275
0 0.58375 0.4225 0.02875 0.028333333333333332
0 0.559375 0.36375 0.03875 0.07083333333333333
0 0.7015625 0.3641666666666667 0.043125 0.06
0 0.6184375 0.3154166666666667 0.040625 0.07583333333333334
0 0.5859375 0.2704166666666667 0.025625 0.0425
0 0.5903125 0.22916666666666666 0.029375 0.051666666666666666
0 0.5496875 0.28541666666666665 0.040625 0.0675
0 0.5334375 0.2325 0.041875 0.07
0 0.5515625 0.16375 0.040625 0.07416666666666667
0 0.613125 0.1675 0.0325 0.041666666666666664
0 0.6228125 0.12708333333333333 0.025625 0.04416666666666667
0 0.6034375 0.12416666666666666 0.020625 0.03833333333333333
0 0.575625 0.09333333333333334 0.02875 0.04666666666666667
0 0.5940625 0.13791666666666666 0.024375 0.03916666666666667
0 0.64125 0.08208333333333333 0.02625 0.049166666666666664
0 0.635 0.0475 0.03875 0.05333333333333334
0 0.6896875 0.1125 0.038125 0.058333333333333334
0 0.6790625 0.15666666666666668 0.038125 0.045
0 0.639375 0.2375 0.045 0.07333333333333333
0 0.6921875 0.2325 0.049375 0.08333333333333333
0 0.72 0.2995833333333333 0.03625 0.06916666666666667
0 0.766875 0.325 0.0525 0.056666666666666664
0 0.84625 0.31 0.05 0.058333333333333334
0 0.8725 0.27208333333333334 0.0525 0.0625
0 0.851875 0.23791666666666667 0.04 0.0575
0 0.8203125 0.2625 0.035625 0.04833333333333333
0 0.813125 0.22166666666666668 0.045 0.08666666666666667
0 0.7903125 0.27416666666666667 0.038125 0.056666666666666664
0 0.775 0.17083333333333334 0.04125 0.056666666666666664
0 0.74625 0.21166666666666667 0.04375 0.06666666666666667
0 0.72625 0.10375 0.0475 0.08416666666666667
0 0.76625 0.11875 0.03 0.05416666666666667
0 0.7975 0.11541666666666667 0.03875 0.0675
0 0.81625 0.13833333333333334 0.03375 0.08
0 0.8528125 0.1275 0.048125 0.08166666666666667
0 0.9028125 0.024583333333333332 0.034375 0.049166666666666664
0 0.98875 0.21291666666666667 0.0225 0.05416666666666667
0 0.049375 0.3804166666666667 0.045 0.07916666666666666
0 0.136875 0.4270833333333333 0.05125 0.06583333333333333
0 0.1159375 0.4533333333333333 0.043125 0.075
0 0.10125 0.37666666666666665 0.0425 0.055
0 0.0828125 0.34875 0.056875 0.0575
0 0.1734375 0.3675 0.041875 0.08
0 0.14625 0.32916666666666666 0.0525 0.06
0 0.166875 0.2975 0.04375 0.05333333333333334
0 0.2384375 0.3983333333333333 0.051875 0.06333333333333334
0 0.27625 0.32458333333333333 0.04 0.0825
0 0.31375 0.37 0.05 0.07833333333333334
0 0.2178125 0.2675 0.043125 0.07666666666666666
0 0.1784375 0.23458333333333334 0.046875 0.0825
0 0.0828125 0.13583333333333333 0.028125 0.05
0 0.0459375 0.12708333333333333 0.033125 0.0475
0 0.35375 0.28833333333333333 0.0375 0.058333333333333334
0 0.309375 0.21125 0.04125 0.0775
0 0.2953125 0.25625 0.026875 0.04083333333333333
0 0.2878125 0.195 0.038125 0.07
0 0.3221875 0.14 0.029375 0.058333333333333334
0 0.3503125 0.16541666666666666 0.048125 0.0775
0 0.39625 0.20083333333333334 0.045 0.08666666666666667
0 0.441875 0.25875 0.04875 0.06416666666666666
0 0.43 0.29 0.04 0.058333333333333334
0 0.0709375 0.17208333333333334 0.028125 0.030833333333333334
0 0.1896875 0.021666666666666667 0.046875 0.043333333333333335
0 0.2109375 0.060833333333333336 0.024375 0.041666666666666664
0 0.293125 0.07 0.03125 0.045
0 0.2540625 0.04125 0.036875 0.0475
0 0.3521875 0.0625 0.040625 0.065
0 0.45375 0.11583333333333333 0.03875 0.05333333333333334
