0 0.8045179892565281 0.6664921794436751 0.03875 0.05
0 0.7252868417743719 0.7250864471236756 0.035 0.05333333333333334
0 0.7820267912004806 0.5270451144728152 0.02875 0.05
0 0.5866839160273046 0.8261486516595647 0.03125 0.04
0 0.5284828046117355 0.8180396832316205 0.03375 0.041666666666666664
0 0.5368185349705381 0.7742330743252727 0.02625 0.04
0 0.6314759757729337 0.8359801095025989 0.025 0.021666666666666667
0 0.6522728449901795 0.821393842187948 0.03125 0.023333333333333334
0 0.371443989732213 0.958816618308987 0.045 0.045
0 0.3970794025437101 0.9684287930513424 0.0275 0.03666666666666667
0 0.4847388164512564 0.7649299286457515 0.03 0.03833333333333333
0 0.9415087094198836 0.34278154931928045 0.0325 0.04666666666666667
0 0.9066493402026379 0.3342668639920149 0.03875 0.043333333333333335
0 0.8606521534380868 0.33245570252646583 0.025 0.03833333333333333
0 0.8933404473063504 0.32365388767105663 0.03 0.025
0 0.8214358197394037 0.3730336817219952 0.025 0.03166666666666667
0 0.825134934918805 0.35036034551409073 0.02875 0.03166666666666667
0 0.849686205108027 0.29069156186538747 0.02625 0.035
0 0.8009438278150924 0.29937078145660506 0.0225 0.03
0 0.7438476846447927 0.2955769823872237 0.0275 0.03666666666666667
0 0.7728516771171284 0.22572283885157424 0.0375 0.04
0 0.8167779473063504 0.19788203439840032 0.0275 0.03666666666666667
0 0.8369273800330572 0.17723220088239222 0.02875 0.03666666666666667
0 0.8478019715334167 0.12884626653572495 0.03 0.045
0 0.753348070013416 0.18243359234139406 0.03125 0.043333333333333335
0 0.6882226846447926 0.20419988082586524 0.0275 0.04
0 0.6708917637576067 0.24822978072590568 0.0225 0.035
0 0.7665207330989253 0.0928227792645069 0.0225 0.03666666666666667
0 0.78734003880671 0.08327336914490596 0.02375 0.03
0 0.6478220495501817 0.18783236736638395 0.0225 0.03
0 0.6226666049839541 0.181508652976284 0.0225 0.03
0 0.6466886329748525 0.1597204649571222 0.01875 0.03666666666666667
0 0.5149426717092227 0.21579684099544594 0.02125 0.03333333333333333
0 0.5731618186433546 0.280185436990337 0.0225 0.03833333333333333
0 0.5627551717092227 0.29434007997796185 0.02125 0.03166666666666667
0 0.5820836878606003 0.2460916985558456 0.02375 0.03
0 0.6087627712852711 0.263668346927263 0.0225 0.03166666666666667
0 0.5655260204632342 0.4288918485713366 0.02875 0.03333333333333333
0 0.5672275403784439 0.4104369938855081 0.025 0.03666666666666667
0 0.5940412427463481 0.45823478542722523 0.02625 0.035
0 0.6388721636335339 0.4593800818047104 0.02625 0.03333333333333333
0 0.6381530166994022 0.4894487143900999 0.0225 0.03166666666666667
0 0.6647243186433546 0.4305983064143708 0.0275 0.043333333333333335
0 0.42380410655568795 0.5435803839313377 0.02125 0.03
0 0.44140426532934074 0.5599927703718968 0.02375 0.03166666666666667
0 0.4445621146313768 0.5376802780822358 0.02375 0.03166666666666667
0 0.5260765199152097 0.5215867965601599 0.02375 0.03333333333333333
0 0.5152960753489819 0.5388773893151302 0.01625 0.03
0 0.5362828493020361 0.5321030850446311 0.025 0.023333333333333334
0 0.5075568966601196 0.5599139741770865 0.0325 0.02666666666666667
0 0.4896951227070655 0.5718218234791226 0.02125 0.02666666666666667
0 0.40008255488574773 0.5283621747423555 0.02 0.028333333333333332
0 0.421046892348263 0.5165510132768064 0.02125 0.03
0 0.46877404735808353 0.5237040531072258 0.0225 0.02666666666666667
0 0.46366787674490995 0.5090659709371658 0.02125 0.028333333333333332
0 0.4850897459621556 0.4955064126288223 0.0275 0.03666666666666667
0 0.4859150635094611 0.4718621901630336 0.0275 0.03333333333333333
0 0.5099655398304194 0.4738707351945706 0.03 0.035
0 0.5546678536138927 0.4635547642574049 0.03125 0.03666666666666667
0 0.3697152007238306 0.7622266771171284 0.03125 0.03833333333333333
0 0.4670773600455078 0.7521668464756914 0.02875 0.03833333333333333
0 0.5531490473580836 0.6623097689587245 0.0325 0.04
0 0.5301931264708977 0.6970992878019983 0.0225 0.03833333333333333
0 0.4989431264708976 0.6457638374866285 0.03 0.03833333333333333
0 0.45466109416814254 0.7330202192740944 0.03 0.03166666666666667
0 0.49472518190467 0.6738348748078263 0.03 0.03666666666666667
0 0.36372402579880025 0.844884767910902 0.02875 0.03
0 0.335003653365747 0.6302048238444723 0.03125 0.03
0 0.3069579865164055 0.636633241857087 0.02625 0.03833333333333333
0 0.32326531480718274 0.9721718511770109 0.0325 0.045
0 0.23563831857101483 0.8869739692068701 0.03125 0.04
0 0.20253135408957754 0.8888380194395249 0.0325 0.03333333333333333
0 0.20890996119329003 0.9105663768172496 0.02875 0.04
0 0.184781762589218 0.9259301547168106 0.02375 0.041666666666666664
0 0.20633825074969706 0.9425917395787671 0.0225 0.03
0 0.23038110436358977 0.8558377625271093 0.02875 0.03666666666666667
0 0.19600771523113444 0.8693714134077482 0.02625 0.035
0 0.17450211189125406 0.8815434187915406 0.02375 0.03333333333333333
0 0.1879380010237094 0.833615016199604 0.02875 0.043333333333333335
0 0.16824008821221226 0.8337565770171688 0.03125 0.04
0 0.5175536749250302 0.4363360258229135 0.0325 0.04
0 0.16835506076933832 0.7376954463929761 0.03 0.035
0 0.05944081425915819 0.6962782659014786 0.025 0.041666666666666664
0 0.06765996119329003 0.6785301413917777 0.02625 0.02666666666666667
0 0.1322500925240689 0.675884572681199 0.0325 0.03
0 0.14064873138251202 0.6984313057318978 0.02875 0.03833333333333333
0 0.18022243806227284 0.6684403954296221 0.03125 0.03
0 0.23744278736430885 0.734938232185551 0.02625 0.028333333333333332
0 0.3059547879123334 0.6899852529900218 0.03375 0.04
0 0.29788067273293206 0.7054716261537745 0.0325 0.043333333333333335
0 0.2547424698170034 0.7883570158342543 0.02375 0.041666666666666664
0 0.26891554140215324 0.7666396082238748 0.02875 0.04
0 0.24249925239377074 0.5294946612828741 0.0275 0.035
0 0.2811863438941303 0.5267972777168861 0.02875 0.035
0 0.30978970127185507 0.5062849971254288 0.03125 0.03833333333333333
0 0.2724095064316151 0.5586292648054294 0.03 0.041666666666666664
0 0.3478205543377232 0.6000095881018771 0.0225 0.03
0 0.43881290849964044 0.4657358593389216 0.03375 0.04
0 0.5313525172474267 0.1565038589253455 0.025 0.028333333333333332
0 0.5520656523420376 0.14053003868614372 0.02 0.02666666666666667
0 0.5661910608416781 0.2299843332851068 0.02625 0.03166666666666667
0 0.4658144731051507 0.190092258642711 0.02625 0.041666666666666664
0 0.4717355484541326 0.21356901286323027 0.02 0.028333333333333332
0 0.4151286071037126 0.3718288424568447 0.02875 0.04
0 0.32042350321580754 0.4212535094888611 0.02375 0.03166666666666667
0 0.29164505488574777 0.3502281621480219 0.03 0.02666666666666667
0 0.38953323467065926 0.16228244342195206 0.02375 0.03
0 0.40178203230275517 0.17865396477444728 0.0275 0.03333333333333333
0 0.3969511114155692 0.24321804480063564 0.02 0.025
0 0.2213834397063465 0.2635569891841884 0.01875 0.025
0 0.23941268190467 0.2544242457312543 0.02 0.028333333333333332
0 0.4548365010960491 0.11080836627033482 0.0225 0.025
0 0.43170710012407293 0.1240629034088579 0.02125 0.02666666666666667
0 0.5759574623616789 0.0372779371247853 0.02 0.035
