0 0.6983024691358025 0.0470679012345679 0.019290123456790122 0.030349794238683128
0 0.4737654320987654 0.11136831275720165 0.017746913580246913 0.03137860082304527
0 0.6983024691358025 0.2109053497942387 0.020833333333333332 0.037037037037037035
0 0.654320987654321 0.2404835390946502 0.017746913580246913 0.026234567901234566
0 0.716820987654321 0.20113168724279834 0.019290123456790122 0.02880658436213992
0 0.7019675925925926 0.27469135802469136 0.016589506172839507 0.0257201646090535
0 0.7222222222222222 0.26157407407407407 0.022376543209876542 0.022119341563786008
0 0.6051311728395061 0.2800925925925926 0.017361111111111112 0.030349794238683128
0 0.5869984567901234 0.29140946502057613 0.01890432098765432 0.041666666666666664
0 0.47164351851851855 0.2705761316872428 0.021219135802469136 0.03189300411522634
0 0.8557098765432098 0.34593621399176955 0.019290123456790122 0.035493827160493825
0 0.7608024691358025 0.3593106995884774 0.023919753086419752 0.03446502057613169
0 0.746141975308642 0.37834362139917693 0.021604938271604937 0.02417695473251029
0 0.722608024691358 0.3775720164609053 0.016975308641975308 0.0360082304526749
0 0.6614583333333334 0.3477366255144033 0.019675925925925927 0.023662551440329218
0 0.4724151234567901 0.3317901234567901 0.018132716049382717 0.0205761316872428
0 0.4801311728395062 0.3096707818930041 0.015817901234567902 0.027777777777777776
0 0.59375 0.36856995884773663 0.016975308641975308 0.02417695473251029
0 0.6419753086419753 0.3341049382716049 0.016975308641975308 0.030349794238683128
0 0.8013117283950617 0.4441872427983539 0.018518518518518517 0.04063786008230453
0 0.8576388888888888 0.47170781893004116 0.016203703703703703 0.03292181069958848
0 0.7885802469135802 0.5 0.024691358024691357 0.044238683127572016
0 0.6510416666666666 0.42824074074074076 0.02044753086419753 0.032407407407407406
0 0.6554783950617284 0.4647633744855967 0.023148148148148147 0.03343621399176955
0 0.732445987654321 0.45164609053497945 0.022762345679012346 0.026748971193415638
0 0.4832175925925926 0.47350823045267487 0.024305555555555556 0.028292181069958847
0 0.5271990740740741 0.5306069958847737 0.017361111111111112 0.028292181069958847
0 0.878858024691358 0.5195473251028807 0.022376543209876542 0.04218106995884774
0 0.8564814814814815 0.5223765432098766 0.016975308641975308 0.029320987654320986
0 0.8402777777777778 0.5300925925925926 0.020061728395061727 0.029320987654320986
0 0.871141975308642 0.5666152263374485 0.018518518518518517 0.03755144032921811
0 0.8506944444444444 0.5583847736625515 0.019290123456790122 0.028292181069958847
0 0.7762345679012346 0.5789609053497943 0.026234567901234566 0.028292181069958847
0 0.6705246913580247 0.555298353909465 0.02700617283950617 0.03343621399176955
0 0.8292824074074074 0.6260288065843621 0.018132716049382717 0.033950617283950615
0 0.8018904320987654 0.7039609053497943 0.018132716049382717 0.03755144032921811
0 0.9430941358024691 0.6929012345679012 0.016589506172839507 0.03497942386831276
0 0.9895833333333334 0.6579218106995884 0.018518518518518517 0.03189300411522634
0 0.8609182098765432 0.6965020576131687 0.02353395061728395 0.02880658436213992
0 0.9444444444444444 0.7415123456790124 0.022376543209876542 0.029320987654320986
0 0.9251543209876543 0.7587448559670782 0.021604938271604937 0.040123456790123455
0 0.5380015432098766 0.7404835390946503 0.02044753086419753 0.032407407407407406
0 0.6329089506172839 0.664866255144033 0.02970679012345679 0.032407407407407406
0 0.8080632716049383 0.8292181069958847 0.019675925925925927 0.0411522633744856
0 0.7874228395061729 0.8762860082304527 0.019290123456790122 0.03446502057613169
0 0.7658179012345679 0.8963477366255144 0.027777777777777776 0.03652263374485597
0 0.36766975308641975 0.9120370370370371 0.024691358024691357 0.04526748971193416
