0 0.20476048799645058 0.2827468079932943 0.022376543209876542 0.020061728395061727
0 0.22331585019679076 0.2677036486134859 0.020833333333333332 0.026234567901234566
0 0.13956013715117754 0.33690538020846944 0.024691358024691357 0.032407407407407406
0 0.11597277651718597 0.37223168532584006 0.018518518518518517 0.03137860082304527
0 0.09930858861802118 0.3926963566204854 0.020061728395061727 0.03446502057613169
0 0.38437128184874725 0.23829346663886725 0.019290123456790122 0.03343621399176955
0 0.404628130946404 0.21832934895088502 0.013117283950617283 0.0257201646090535
0 0.39266825440319414 0.1986824482129039 0.018518518518518517 0.029835390946502057
0 0.3908809527434025 0.21657971960848335 0.014660493827160493 0.02109053497942387
0 0.2681982891609363 0.4239953039037961 0.022376543209876542 0.026234567901234566
0 0.24447885933318425 0.4081787284861373 0.013888888888888888 0.022119341563786008
0 0.26526322158586424 0.4099145081430211 0.022376543209876542 0.02109053497942387
0 0.21610087539942172 0.4749871637150383 0.021604938271604937 0.0257201646090535
0 0.23692814503333923 0.47023478682821923 0.021219135802469136 0.020061728395061727
0 0.19452685032956146 0.4356887456772368 0.019290123456790122 0.03343621399176955
0 0.43637572526236434 0.3383834491392504 0.017746913580246913 0.024691358024691357
0 0.37574811376062683 0.3228933237952714 0.017746913580246913 0.029320987654320986
0 0.4611755280838326 0.3764223213136182 0.025848765432098766 0.02726337448559671
0 0.3448735468136313 0.4203227584229061 0.020061728395061727 0.040123456790123455
0 0.44266257608338894 0.3633715691412221 0.015432098765432098 0.02726337448559671
0 0.3166072215073546 0.47458313763988014 0.021219135802469136 0.03343621399176955
0 0.3682889139606706 0.4699762593652196 0.021219135802469136 0.035493827160493825
0 0.22206524169882264 0.5565442927287156 0.024691358024691357 0.033950617283950615
0 0.24323540642063837 0.5589138433771471 0.020061728395061727 0.024691358024691357
0 0.25891109978797794 0.5422265726687859 0.021604938271604937 0.03292181069958848
0 0.13097050139084523 0.6063597047896311 0.02353395061728395 0.026234567901234566
0 0.18772587455370482 0.6714301289949498 0.016975308641975308 0.032407407407407406
0 0.21912016866962147 0.6315674310345245 0.021219135802469136 0.03909465020576132
0 0.2507227052496467 0.659948054703434 0.024691358024691357 0.03909465020576132
0 0.2832978979506156 0.5950190866439966 0.01890432098765432 0.024691358024691357
0 0.26320711185983414 0.5716603227352706 0.024691358024691357 0.03446502057613169
0 0.23843944734545586 0.4333656032885328 0.019675925925925927 0.0257201646090535
0 0.3530799017075467 0.5591894224577022 0.018132716049382717 0.02880658436213992
0 0.18861384349419402 0.7149412952643868 0.01890432098765432 0.04063786008230453
0 0.2057759896713214 0.7041680939578638 0.011574074074074073 0.030864197530864196
0 0.22270232723264333 0.6995661636992698 0.017746913580246913 0.029835390946502057
0 0.22336412904945407 0.7191718468349246 0.019290123456790122 0.026748971193415638
0 0.21061979224513666 0.7383597430227962 0.020833333333333332 0.03497942386831276
0 0.29059415105108094 0.7015264976151421 0.023919753086419752 0.03189300411522634
0 0.26612538235735694 0.7539234019019763 0.019290123456790122 0.03292181069958848
0 0.2644733637220348 0.812937969105348 0.023919753086419752 0.026748971193415638
0 0.317690844027794 0.787705834234349 0.022376543209876542 0.03189300411522634
0 0.4468409015243577 0.6673033493542316 0.021604938271604937 0.03292181069958848
0 0.36135206045567897 0.8632876415382608 0.021604938271604937 0.03497942386831276
0 0.3946094655397332 0.8816552931614343 0.020833333333333332 0.040123456790123455
0 0.42117715381740023 0.8813174674102701 0.016975308641975308 0.03909465020576132
0 0.5850832941299623 0.6428556747443402 0.018518518518518517 0.024691358024691357
0 0.49990702965210265 0.6510818423116254 0.018518518518518517 0.0257201646090535
