0 0.3351188362144849 0.7661177543759735 0.022778614457831324 0.04852744310575636
0 0.32598832252961374 0.7320628507937721 0.021649096385542167 0.03547523427041499
0 0.3805207442026535 0.72851393031954 0.01901355421686747 0.029451137884872823
0 0.373576141895172 0.7474396269377416 0.017884036144578314 0.03346720214190094
0 0.006548347050209672 0.5293774163624549 0.016001506024096387 0.0214190093708166
0 0.011628219582422428 0.51515251928336 0.015060240963855422 0.025100401606425703
0 0.015090868968613934 0.5307689321931229 0.011295180722891566 0.015394912985274432
0 0.02396373905562065 0.5366490740032538 0.009036144578313253 0.020414993306559572
0 0.04140430459562467 0.6878011707575381 0.01355421686746988 0.029785809906291833
0 0.1350804171909652 0.5074389668348436 0.01581325301204819 0.025769745649263723
0 0.15242173144498677 0.7022993750634009 0.012612951807228916 0.020080321285140562
0 0.14780929004927226 0.6781404619034392 0.012612951807228916 0.02643908969210174
0 0.06761164853502323 0.638275734162647 0.009036144578313253 0.018072289156626505
