0 0.21382837326117896 0.6633836758851692 0.02700617283950617 0.03960905349794239
0 0.37074570590005035 0.6561108814545737 0.022762345679012346 0.0411522633744856
0 0.38851193816056545 0.9260368232673465 0.025848765432098766 0.03652263374485597
0 0.3567580494025258 0.9066668274268297 0.023919753086419752 0.03446502057613169
0 0.18114685770813582 0.8978910701566782 0.025848765432098766 0.037037037037037035
0 0.31596079661609877 0.8238298752027831 0.01890432098765432 0.032407407407407406
0 0.2579304269382689 0.8110631184977237 0.01890432098765432 0.027777777777777776
0 0.20239528194898798 0.7834910322618001 0.013888888888888888 0.029835390946502057
0 0.21215150512352793 0.7651814960300659 0.017361111111111112 0.025205761316872428
0 0.17560142654764246 0.7599233748791822 0.017361111111111112 0.033950617283950615
0 0.19690216891919582 0.7486185410371379 0.011959876543209876 0.023148148148148147
0 0.21330655984356942 0.739686968855575 0.016975308641975308 0.02263374485596708
0 0.1762617368204304 0.7147117929893319 0.01890432098765432 0.02726337448559671
0 0.13150172555791836 0.6396397724157621 0.017361111111111112 0.03189300411522634
0 0.21503226584253501 0.5897440677039999 0.022376543209876542 0.03189300411522634
0 0.3502182907534548 0.5938404075269715 0.024305555555555556 0.03446502057613169
0 0.3743330313231307 0.4995810648610924 0.016975308641975308 0.03189300411522634
0 0.3496190432641377 0.448565879599319 0.017361111111111112 0.02726337448559671
0 0.26664543779226607 0.4515369741193159 0.015432098765432098 0.029835390946502057
0 0.2394884099560865 0.437789387547866 0.015432098765432098 0.025205761316872428
0 0.23556819489923692 0.49809334253951304 0.013503086419753086 0.029835390946502057
0 0.26213624713890615 0.43872833690347585 0.013888888888888888 0.01594650205761317
0 0.12675609588807327 0.5307637163459745 0.01890432098765432 0.025205761316872428
0 0.11356313584844878 0.5137208165475463 0.02044753086419753 0.03446502057613169
0 0.10417081303274728 0.4041559221983669 0.01890432098765432 0.032407407407407406
0 0.24585455035484358 0.6901454135885283 0.017361111111111112 0.03652263374485597
0 0.2888760978188786 0.7349696245509991 0.018518518518518517 0.02726337448559671
0 0.23463523232882183 0.5949403624513941 0.018518518518518517 0.029835390946502057
0 0.2543203025655338 0.575580173830118 0.020061728395061727 0.029835390946502057
0 0.26407506989206514 0.7933793571378752 0.017361111111111112 0.026234567901234566
0 0.24446097036962858 0.7534425515466868 0.017361111111111112 0.028292181069958847
0 0.24989262095793352 0.736902347908728 0.015817901234567902 0.023148148148148147
0 0.5558058442575585 0.6904396127448829 0.014660493827160493 0.024691358024691357
0 0.5555326947785905 0.7204692957584117 0.021219135802469136 0.026748971193415638
