0 0.15841548705817843 0.33547230490761437 0.019290123456790122 0.030349794238683128
0 0.3769829195437276 0.24544647310297613 0.017746913580246913 0.03137860082304527
0 0.21985453026805496 0.43640033531159783 0.020833333333333332 0.037037037037037035
0 0.2690354315147471 0.42922853114590453 0.017746913580246913 0.026234567901234566
0 0.20015189933377525 0.4410711825435537 0.019290123456790122 0.02880658436213992
0 0.24060019333288823 0.47781019680195097 0.016589506172839507 0.0257201646090535
0 0.21814018804790253 0.48142363252871967 0.022376543209876542 0.022119341563786008
0 0.3264884558135573 0.4252289614957727 0.017361111111111112 0.030349794238683128
0 0.34643567571242634 0.42173151391054814 0.01890432098765432 0.041666666666666664
0 0.438523482707622 0.34229744666824186 0.021219135802469136 0.03189300411522634
0 0.1341722907834674 0.6104619869913513 0.019290123456790122 0.035493827160493825
0 0.22137994870436706 0.5639061926667162 0.023919753086419752 0.03446502057613169
0 0.24121365446972534 0.567166715952786 0.021604938271604937 0.02417695473251029
0 0.2613053017038499 0.553104054985141 0.016975308641975308 0.0360082304526749
0 0.30307421624853875 0.4994199054638374 0.019675925925925927 0.023662551440329218
0 0.4608105001429735 0.3804523069841537 0.018132716049382717 0.0205761316872428
0 0.44583345227426646 0.37128109385406804 0.015817901234567902 0.027777777777777776
0 0.3695238529631101 0.47316234356629894 0.016975308641975308 0.02417695473251029
0 0.3148351278577649 0.4797739102756457 0.016975308641975308 0.030349794238683128
0 0.21812660480106227 0.6395803312074134 0.018518518518518517 0.04063786008230453
0 0.1796660689397474 0.6890542065051148 0.016203703703703703 0.03292181069958848
0 0.2500821751424536 0.6666118832383642 0.024691358024691357 0.044238683127572016
0 0.3422843574145032 0.5429984202483923 0.02044753086419753 0.032407407407407406
0 0.35213802556900897 0.5680588367815484 0.023148148148148147 0.03343621399176955
0 0.2805631536342113 0.6044155169415252 0.022762345679012346 0.026748971193415638
0 0.5045995775712281 0.4739910695333281 0.024305555555555556 0.028292181069958847
0 0.4879225343492272 0.5345580797369216 0.017361111111111112 0.028292181069958847
0 0.17922957310327206 0.7307754313796132 0.022376543209876542 0.04218106995884774
0 0.1996691847620288 0.719599198360614 0.016975308641975308 0.029320987654320986
0 0.21659552232335072 0.71499726810202 0.020061728395061727 0.029320987654320986
0 0.20356233084852235 0.7553155910547323 0.018518518518518517 0.03755144032921811
0 0.21818399226849738 0.7384400356736426 0.019290123456790122 0.028292181069958847
0 0.29038418630028623 0.7081260257385495 0.026234567901234566 0.028292181069958847
0 0.37305816802749925 0.6325176672547264 0.02700617283950617 0.03343621399176955
0 0.26209387263502376 0.7677482330206773 0.018132716049382717 0.033950617283950615
0 0.31504055614918086 0.7999416213123413 0.018132716049382717 0.03755144032921811
0 0.18860718509011273 0.8746525794971083 0.016589506172839507 0.03497942386831276
0 0.13522907507621426 0.8799449164933378 0.018518518518518517 0.03189300411522634
0 0.2611239331634481 0.8294264850132854 0.02353395061728395 0.02880658436213992
0 0.2056669501698791 0.9053778599056741 0.022376543209876542 0.029320987654320986
0 0.22883487848362213 0.9048563660436205 0.021604938271604937 0.040123456790123455
0 0.5572710253577287 0.6700841704761361 0.02044753086419753 0.032407407407407406
0 0.44672231805411294 0.6782968198121307 0.02970679012345679 0.032407407407407406
0 0.35666617094063485 0.8806671300838365 0.019675925925925927 0.0411522633744856
0 0.39219177244621645 0.8977453939187348 0.019290123456790122 0.03446502057613169
0 0.4184253459847692 0.89763031132698 0.027777777777777776 0.03652263374485597
0 0.7691152444051167 0.6774243784373993 0.024691358024691357 0.04526748971193416
