0 0.6338734567901234 0.021862139917695474 0.022376543209876542 0.020061728395061727
0 0.6111111111111112 0.018775720164609055 0.020833333333333332 0.026234567901234566
0 0.7145061728395061 0.03420781893004115 0.024691358024691357 0.032407407407407406
0 0.7515432098765432 0.05684156378600823 0.018518518518518517 0.03137860082304527
0 0.7754629629629629 0.0676440329218107 0.020061728395061727 0.03446502057613169
0 0.46412037037037035 0.1087962962962963 0.019290123456790122 0.03343621399176955
0 0.4375 0.10133744855967078 0.013117283950617283 0.0257201646090535
0 0.4375 0.06944444444444445 0.018518518518518517 0.029835390946502057
0 0.4479166666666667 0.08873456790123457 0.014660493827160493 0.02109053497942387
0 0.652391975308642 0.2337962962962963 0.022376543209876542 0.026234567901234566
0 0.6639660493827161 0.19727366255144033 0.013888888888888888 0.022119341563786008
0 0.6477623456790124 0.2152777777777778 0.022376543209876542 0.02109053497942387
0 0.720679012345679 0.2525720164609053 0.021604938271604937 0.0257201646090535
0 0.701195987654321 0.2631172839506173 0.021219135802469136 0.020061728395061727
0 0.71875 0.19058641975308643 0.019290123456790122 0.03343621399176955
0 0.4714506172839506 0.26440329218106995 0.017746913580246913 0.024691358024691357
0 0.5135030864197531 0.19984567901234568 0.017746913580246913 0.029320987654320986
0 0.47010030864197533 0.327417695473251 0.025848765432098766 0.02726337448559671
0 0.5875771604938271 0.28858024691358025 0.020061728395061727 0.040123456790123455
0 0.47878086419753085 0.29809670781893005 0.015432098765432098 0.02726337448559671
0 0.6379243827160493 0.32947530864197533 0.021219135802469136 0.03343621399176955
0 0.5931712962962963 0.363940329218107 0.021219135802469136 0.035493827160493825
0 0.7565586419753086 0.3513374485596708 0.024691358024691357 0.033950617283950615
0 0.7403549382716049 0.37037037037037035 0.020061728395061727 0.024691358024691357
0 0.7191358024691358 0.3631687242798354 0.021604938271604937 0.03292181069958848
0 0.8562885802469136 0.3387345679012346 0.02353395061728395 0.026234567901234566
0 0.8422067901234568 0.4575617283950617 0.016975308641975308 0.032407407407407406
0 0.7964891975308642 0.43569958847736623 0.021219135802469136 0.03909465020576132
0 0.7847222222222222 0.492798353909465 0.024691358024691357 0.03909465020576132
0 0.7255015432098766 0.44290123456790126 0.01890432098765432 0.024691358024691357
0 0.7303240740740741 0.40046296296296297 0.024691358024691357 0.03446502057613169
0 0.6815200617283951 0.22170781893004116 0.019675925925925927 0.0257201646090535
0 0.6502700617283951 0.45524691358024694 0.018132716049382717 0.02880658436213992
0 0.863233024691358 0.5084876543209876 0.01890432098765432 0.04063786008230453
0 0.84375 0.5092592592592593 0.011574074074074073 0.030864197530864196
0 0.8275462962962963 0.5169753086419753 0.017746913580246913 0.029835390946502057
0 0.8368055555555556 0.5401234567901234 0.019290123456790122 0.026748971193415638
0 0.8568672839506173 0.5524691358024691 0.020833333333333332 0.03497942386831276
0 0.7727623456790124 0.5715020576131687 0.023919753086419752 0.03189300411522634
0 0.8190586419753086 0.6131687242798354 0.019290123456790122 0.03292181069958848
0 0.8499228395061729 0.6800411522633745 0.023919753086419752 0.026748971193415638
0 0.7935956790123457 0.6918724279835391 0.022376543209876542 0.03189300411522634
0 0.6273148148148148 0.6522633744855967 0.021604938271604937 0.03292181069958848
0 0.7955246913580247 0.8127572016460906 0.021604938271604937 0.03497942386831276
0 0.777391975308642 0.8595679012345679 0.020833333333333332 0.040123456790123455
0 0.7554012345679012 0.8796296296296297 0.016975308641975308 0.03909465020576132
0 0.5015432098765432 0.7304526748971193 0.018518518518518517 0.024691358024691357
0 0.5756172839506173 0.6743827160493827 0.018518518518518517 0.0257201646090535
