0 0.23866562942562458 0.4807845740782958 0.1962864721485411 0.16777777777777778
0 0.4022550753311835 0.4170538016843105 0.1896551724137931 0.19
0 0.5612310861837082 0.3055174840152218 0.21087533156498675 0.16333333333333333
0 0.7612421097173738 0.39352599306517644 0.21087533156498675 0.21
0 0.6973244434850643 0.2063323056836714 0.1724137931034483 0.1388888888888889
0 0.9683095100092475 0.447329380236435 0.09416445623342175 0.08555555555555555
0 0.2776164889698978 0.8917495854869479 0.14721485411140584 0.16555555555555557
0 0.4567389183391073 0.9494472054044473 0.1286472148541114 0.14666666666666667
0 0.7626070992853132 0.7277289157182193 0.15649867374005305 0.16111111111111112
0 0.8235750760442843 0.6539757196842602 0.14323607427055704 0.14222222222222222
