0 0.6334878036686952 0.6189435441932789 0.142 0.18933333333333333
0 0.5540743741577959 0.7955460845717228 0.132 0.24
0 0.3894218522841658 0.8899640399324251 0.14 0.23733333333333334
0 0.3919525958928852 0.6078085419474013 0.14 0.216
0 0.5731909976465638 0.3543607021073368 0.136 0.16266666666666665
0 0.17268087314241587 0.9120888559914421 0.12 0.216
0 0.21367571836627297 0.7080957290262992 0.136 0.19466666666666665
0 0.22327825874471688 0.4636051794492279 0.12 0.11466666666666667
0 0.5561954618136543 0.056444526688061235 0.09 0.12533333333333332
0 0.28468206931238266 0.20541120569127042 0.072 0.15466666666666667
0 0.07792442967223724 0.3199248900782721 0.072 0.12533333333333332
0 0.16566094464689674 0.25854369223178914 0.07 0.136
0 0.00267829575434439 0.3701513873863758 0.1 0.112
