0 0.47189780492608224 0.8603255703277628 0.121 0.162
0 0.34976769641197386 0.8147900172474266 0.117 0.149
0 0.5515599457429458 0.6723044456622768 0.121 0.16
0 0.16927860404924303 0.5881737390631849 0.123 0.148
0 0.2846407633709203 0.6179868602791855 0.135 0.127
0 0.4563650820142749 0.5754221050646231 0.127 0.153
0 0.1774897829717832 0.2733959181470632 0.116 0.135
0 0.3461006535994247 0.33943851278256126 0.12 0.126
0 0.3248551177665153 0.10864016528593691 0.096 0.105
0 0.37891248612138967 0.17327027380004528 0.095 0.113
