0 0.026030007844787425 0.4657265589908163 0.08666666666666667 0.12666666666666668
0 0.25411542731880105 0.43411542731880104 0.10666666666666667 0.12666666666666668
0 0.36358439182435165 0.18038790236103533 0.10333333333333333 0.09666666666666666
0 0.43212068893253613 0.06576291778171348 0.09 0.08666666666666667
0 0.35582159740806335 0.38694234802331207 0.09 0.12
0 0.44132371439009993 0.36836969212423043 0.08333333333333333 0.10666666666666667
0 0.5317820323027551 0.3950480947161671 0.08666666666666667 0.10333333333333333
0 0.5668973979388435 0.2958696921242305 0.10666666666666667 0.10666666666666667
0 0.3041795536070238 0.7208290376865475 0.08 0.10666666666666667
0 0.536758560452215 0.677001027649662 0.07333333333333333 0.07666666666666666
0 0.5621132486540519 0.6142499691586437 0.08 0.1
0 0.641151662744273 0.3511485181125744 0.08666666666666667 0.10333333333333333
