0 0.3655193817519427 0.15425222374057765 0.23076923076923078 0.19487179487179487
0 0.6231187569073571 0.04401717309749485 0.2641025641025641 0.20512820512820512
0 0.4979569076355606 0.2554356191945938 0.22564102564102564 0.24615384615384617
0 0.6917791880244456 0.25012001544136253 0.20256410256410257 0.24615384615384617
0 0.7925919759683118 0.42729698877690836 0.23076923076923078 0.18205128205128204
0 0.7751067980666373 0.6431656184256737 0.21025641025641026 0.2564102564102564
0 0.600352552240504 0.5738157191497629 0.2076923076923077 0.23333333333333334
0 0.41450774860076695 0.5493589743589744 0.2128205128205128 0.2564102564102564
0 0.2172041985847364 0.48710638070468176 0.28205128205128205 0.18205128205128204
0 0.10130760063528095 0.42226502052927783 0.2128205128205128 0.23076923076923078
0 0.6318031089299548 0.8872640402365761 0.18974358974358974 0.19743589743589743
