0 0.1907092831074352 0.7403553599217528 0.09835294117647059 0.21089879688605803
0 0.22050955149697063 0.39618204444118754 0.10776470588235294 0.21302193913658882
0 0.27640228940520384 0.25939454011796076 0.11670588235294117 0.17197452229299362
0 0.531496675441798 0.5020714186385278 0.11388235294117648 0.16631280962491155
0 0.5720557695377821 0.21352373627959223 0.10588235294117647 0.17197452229299362
0 0.494773737235027 0.2528408886301436 0.09929411764705882 0.16772823779193205
0 0.6027850536388311 0.587269276162377 0.10447058823529412 0.16206652512384997
0 0.7378848541329558 0.32205300009374055 0.12423529411764705 0.14225053078556263
0 0.630118091006828 0.7306537029662821 0.11294117647058824 0.14154281670205238
0 0.7322675429518121 0.7412496594841937 0.1068235294117647 0.17905166312809626
0 0.7500050894650354 0.6600642065438914 0.09929411764705882 0.19249823071479122
