0 0.48170177300274447 0.0056563540895775335 0.12903225806451613 0.1225
0 0.9892947700107431 0.48769945428599015 0.11612903225806452 0.1675
0 0.9113640094329041 0.6857851615137756 0.09462365591397849 0.165
0 0.7140370383465341 0.49346551669940214 0.11182795698924732 0.1825
0 0.7510772976118485 0.6230464144555709 0.0989247311827957 0.185
0 0.6210477141481676 0.9037306695894642 0.1010752688172043 0.16
0 0.6130162556629196 0.6175592551338935 0.11397849462365592 0.2
0 0.48280881325946756 0.6428853896804799 0.1032258064516129 0.1725
0 0.31387100753723396 0.5152275866404783 0.1053763440860215 0.205
0 0.2504922050204603 0.6126137933202391 0.1053763440860215 0.2
0 0.08768963732611916 0.5198093476579624 0.11397849462365592 0.175
