0 0.7497928474159553 0.04984391355954564 0.146 0.2094017094017094
0 0.6527454433088405 0.15658426114908483 0.174 0.23504273504273504
0 0.38836344801571304 0.17162373929637897 0.158 0.23931623931623933
0 0.469507041555162 0.3559665028851005 0.154 0.21794871794871795
0 0.3214141201199516 0.32764976766384996 0.148 0.1987179487179487
0 0.5720018867790191 0.3063150920321399 0.11 0.20726495726495728
0 0.7121236650439298 0.416035219384411 0.126 0.26495726495726496
0 0.6053801085141084 0.5176535278349972 0.186 0.22435897435897437
0 0.4030839931010294 0.4894621281883408 0.158 0.22008547008547008
0 0.7751550992617015 0.7484856964561162 0.16 0.27564102564102566
0 0.6449737205583712 0.7917754805228542 0.182 0.28846153846153844
0 0.5269333580064183 0.7720619065016652 0.188 0.2606837606837607
0 0.31767571836627295 0.8591934623471023 0.152 0.2094017094017094
