0 0.5709211616751134 0.7497871102554277 0.094 0.15079365079365079
0 0.47906733260263396 0.7298195192193404 0.094 0.17989417989417988
0 0.35271092614208294 0.48265587391312526 0.098 0.15079365079365079
0 0.46538526329025126 0.49741470546044403 0.13 0.1349206349206349
0 0.5883801085141084 0.4829085163027599 0.142 0.15608465608465608
0 0.6771788013152589 0.4059294787065871 0.09 0.16137566137566137
0 0.7441903070375115 0.19437833135557384 0.106 0.1693121693121693
0 0.5593582932395701 0.18890420600728527 0.098 0.19047619047619047
0 0.7302069675359069 0.09355841802718225 0.098 0.1455026455026455
0 0.35006475521456254 0.28611711400310275 0.086 0.1402116402116402
