0 0.7431222140861572 0.9081694749550823 0.09951456310679611 0.1
0 0.7654600635470035 0.7662429287034103 0.10436893203883495 0.08545454545454545
0 0.6153954852913209 0.5151759773042138 0.0970873786407767 0.09818181818181818
0 0.5332835265075292 0.42682052489824673 0.0970873786407767 0.10909090909090909
0 0.2643398591123765 0.33423956548633466 0.08495145631067962 0.07090909090909091
0 0.18163590558502266 0.37420693059100535 0.08737864077669903 0.07818181818181819
0 0.18676334399813782 0.45176868576156654 0.10922330097087378 0.10363636363636364
0 0.2647584279695348 0.5566008251247901 0.09466019417475728 0.10363636363636364
0 0.3969816139936038 0.5917919483366361 0.06796116504854369 0.08181818181818182
0 0.34420515323062434 0.6524073251877631 0.08980582524271845 0.09636363636363636
0 0.4205626584333453 0.7096602203927285 0.10194174757281553 0.08181818181818182
0 0.34230076077716187 0.7372091727357224 0.08980582524271845 0.07818181818181819
0 0.3230054374754929 0.8085378311239645 0.0970873786407767 0.09636363636363636
0 0.44122874681890384 0.8182918978689622 0.08980582524271845 0.09636363636363636
0 0.822554137974304 0.8748658616857954 0.07281553398058252 0.06181818181818182
