0 0.115 0.13625 0.08 0.12
0 0.45375 0.050625 0.08416666666666667 0.10125
0 0.5670833333333334 0.241875 0.08916666666666667 0.12625
0 0.6325 0.248125 0.08333333333333333 0.15375
0 0.8620833333333333 0.248125 0.08416666666666667 0.15625
0 0.9625 0.191875 0.06333333333333334 0.10125
0 0.9029166666666667 0.519375 0.06583333333333333 0.12125
0 0.7725 0.53125 0.07 0.1425
0 0.935 0.725 0.065 0.1475
0 0.8733333333333333 0.76125 0.06 0.1175
0 0.8129166666666666 0.86375 0.09416666666666666 0.17
0 0.7391666666666666 0.909375 0.08333333333333333 0.15625
0 0.6554166666666666 0.893125 0.06583333333333333 0.13125
0 0.4579166666666667 0.74125 0.0825 0.1625
0 0.4725 0.505 0.09166666666666666 0.1625
0 0.5779166666666666 0.4075 0.08416666666666667 0.1725
0 0.41125 0.33875 0.07083333333333333 0.1675
