0 0.04533021954299111 0.4737332593734104 0.08 0.12
0 0.3101546584083031 0.14551733417436785 0.08416666666666667 0.10125
0 0.47205420417053945 0.22614469264814174 0.08916666666666667 0.12625
0 0.5307900326681049 0.18249485142179453 0.08333333333333333 0.15375
0 0.7296150316202822 0.010307351421794522 0.08416666666666667 0.15625
0 0.8553944022748134 0.21459174219832353 0.06583333333333333 0.12125
0 0.7464085891979263 0.32268829386826375 0.07 0.1425
0 0.9517210506462307 0.36860571585149876 0.065 0.1475
0 0.9103994840795239 0.4462491367386846 0.06 0.1175
0 0.8922437826008806 0.5803292406265896 0.09416666666666666 0.17
0 0.8435827424051116 0.6751541496742546 0.08333333333333333 0.15625
0 0.7656364481714981 0.7238937368627575 0.06583333333333333 0.13125
0 0.5439714309240715 0.7404911286629958 0.0825 0.1625
0 0.47785096806259464 0.5249551270189222 0.09166666666666666 0.1625
0 0.5366444793782041 0.36145515014993945 0.08416666666666667 0.1725
0 0.36939024541413107 0.4269159036397593 0.07083333333333333 0.1675
