0 0.6462191358024691 0.016975308641975308 0.020061728395061727 0.026748971193415638
0 0.7289737654320988 0.043467078189300415 0.017361111111111112 0.03446502057613169
0 0.732445987654321 0.19598765432098766 0.019675925925925927 0.026748971193415638
0 0.7154706790123457 0.2103909465020576 0.02044753086419753 0.03806584362139918
0 0.6892361111111112 0.06198559670781893 0.016589506172839507 0.02726337448559671
0 0.642554012345679 0.21219135802469136 0.015046296296296295 0.016975308641975308
0 0.673804012345679 0.20267489711934156 0.01427469135802469 0.018518518518518517
0 0.6599151234567902 0.2353395061728395 0.02044753086419753 0.02726337448559671
0 0.605516975308642 0.2366255144032922 0.013503086419753086 0.03292181069958848
0 0.6201774691358025 0.2417695473251029 0.015046296296296295 0.021604938271604937
0 0.7357253086419753 0.25771604938271603 0.024691358024691357 0.02263374485596708
0 0.7162422839506173 0.2667181069958848 0.016589506172839507 0.028292181069958847
0 0.7663966049382716 0.35288065843621397 0.01890432098765432 0.03497942386831276
0 0.7528935185185185 0.37319958847736623 0.02199074074074074 0.029320987654320986
0 0.7337962962962963 0.36856995884773663 0.016975308641975308 0.030349794238683128
0 0.6657021604938271 0.34439300411522633 0.02199074074074074 0.026234567901234566
0 0.6487268518518519 0.33024691358024694 0.018132716049382717 0.030864197530864196
0 0.8161651234567902 0.4382716049382716 0.01890432098765432 0.0360082304526749
0 0.8553240740740741 0.45447530864197533 0.015432098765432098 0.028292181069958847
0 0.8782793209876543 0.5051440329218106 0.018132716049382717 0.033950617283950615
0 0.8016975308641975 0.49434156378600824 0.020833333333333332 0.037037037037037035
0 0.6651234567901234 0.4583333333333333 0.023148148148148147 0.0360082304526749
0 0.6550925925925926 0.4236111111111111 0.018518518518518517 0.02417695473251029
0 0.8782793209876543 0.3461934156378601 0.018132716049382717 0.03497942386831276
0 0.8709490740740741 0.5498971193415638 0.015817901234567902 0.030864197530864196
0 0.8560956790123457 0.5108024691358025 0.016975308641975308 0.024691358024691357
0 0.8408564814814815 0.5185185185185185 0.016589506172839507 0.0257201646090535
0 0.8505015432098766 0.543724279835391 0.016589506172839507 0.030864197530864196
0 0.7880015432098766 0.5707304526748971 0.022762345679012346 0.02417695473251029
0 0.6080246913580247 0.2749485596707819 0.019290123456790122 0.03343621399176955
0 0.5912422839506173 0.2880658436213992 0.017361111111111112 0.03292181069958848
0 0.47260802469135804 0.27031893004115226 0.021604938271604937 0.03446502057613169
0 0.47820216049382713 0.31224279835390945 0.017361111111111112 0.029835390946502057
0 0.4720293209876543 0.3333333333333333 0.02044753086419753 0.02263374485596708
0 0.4810956790123457 0.470679012345679 0.016975308641975308 0.023662551440329218
0 0.7432484567901234 0.44598765432098764 0.015817901234567902 0.03189300411522634
0 0.6772762345679012 0.5509259259259259 0.021219135802469136 0.0360082304526749
0 0.8344907407407407 0.6183127572016461 0.017746913580246913 0.02880658436213992
0 0.8657407407407407 0.6805555555555556 0.027777777777777776 0.03189300411522634
0 0.808641975308642 0.6970164609053497 0.018518518518518517 0.03189300411522634
0 0.8140432098765432 0.8153292181069959 0.023148148148148147 0.03806584362139918
0 0.7997685185185185 0.8621399176954733 0.019290123456790122 0.037037037037037035
0 0.7804783950617284 0.8626543209876543 0.019290123456790122 0.03189300411522634
0 0.9297839506172839 0.7474279835390947 0.021604938271604937 0.0360082304526749
0 0.9459876543209876 0.6846707818930041 0.018518518518518517 0.0360082304526749
0 0.7700617283950617 0.8040123456790124 0.026234567901234566 0.029835390946502057
0 0.6099537037037037 0.8070987654320988 0.03009259259259259 0.023662551440329218
0 0.6429398148148148 0.6550925925925926 0.019675925925925927 0.03960905349794239
