0 0.26334215544604805 0.3212365539873729 0.07142857142857142 0.07692307692307693
0 0.31331959876417714 0.2939638497119501 0.056043956043956046 0.063003663003663
0 0.36885600587231726 0.2928903036979036 0.07692307692307693 0.0673992673992674
0 0.7064844921704048 0.2834826993310776 0.08901098901098901 0.08864468864468865
0 0.7442581299159607 0.15347356554604036 0.05714285714285714 0.07912087912087912
0 0.7834860871871061 0.2310045411609825 0.08571428571428572 0.08131868131868132
0 0.6319349413278972 0.029634725071735077 0.06593406593406594 0.09157509157509157
0 0.8445237010706885 0.28829789358692676 0.08351648351648351 0.07912087912087912
0 0.8986104165506383 0.3558800581989955 0.09340659340659341 0.07692307692307693
0 0.43819493061504194 0.521673946146915 0.1043956043956044 0.08498168498168499
0 0.6377250348509846 0.4985916114511727 0.06263736263736264 0.06373626373626373
0 0.26387264051925813 0.625145808683714 0.11538461538461539 0.06153846153846154
0 0.5615634710593932 0.5850067870961908 0.07362637362637363 0.063003663003663
0 0.22823904795693542 0.789860486028419 0.08571428571428572 0.07692307692307693
0 0.5304149507091122 0.7886000134384438 0.09010989010989011 0.08717948717948718
0 0.4810788785959317 0.7792506720268843 0.0956043956043956 0.06153846153846154
0 0.6536407925450556 0.5550647835244683 0.10659340659340659 0.04908424908424908
0 0.7094804239796823 0.38511060157269617 0.07142857142857142 0.06886446886446887
