0 0.20476048799645058 0.17516943785101038 0.022376543209876542 0.020061728395061727
0 0.22331585019679076 0.1573216228187539 0.020833333333333332 0.026234567901234566
0 0.13956013715117754 0.2396162535355919 0.024691358024691357 0.032407407407407406
0 0.11597277651718597 0.28390900958832616 0.018518518518518517 0.03137860082304527
0 0.09930858861802118 0.3092107243411416 0.020061728395061727 0.03446502057613169
0 0.38437128184874725 0.13728790145161235 0.019290123456790122 0.03343621399176955
0 0.404628130946404 0.11308143624848768 0.013117283950617283 0.0257201646090535
0 0.39266825440319414 0.08546128448169998 0.018518518518518517 0.029835390946502057
0 0.3908809527434025 0.10911146588186278 0.014660493827160493 0.02109053497942387
0 0.2681982891609363 0.37105548021684825 0.022376543209876542 0.026234567901234566
0 0.24447885933318425 0.3471420009634042 0.013888888888888888 0.022119341563786008
0 0.26526322158586424 0.3519315529862722 0.022376543209876542 0.02109053497942387
0 0.21610087539942172 0.43284042221177205 0.021604938271604937 0.0257201646090535
0 0.23692814503333923 0.42898420861999276 0.021219135802469136 0.020061728395061727
0 0.19452685032956146 0.3778733125636111 0.019290123456790122 0.03343621399176955
0 0.43637572526236434 0.27693434417012713 0.017746913580246913 0.024691358024691357
0 0.37574811376062683 0.24906079058219135 0.017746913580246913 0.029320987654320986
0 0.4611755280838326 0.33060621246415683 0.025848765432098766 0.02726337448559671
0 0.3448735468136313 0.3752898966278784 0.020061728395061727 0.040123456790123455
0 0.44266257608338894 0.311000529328502 0.015432098765432098 0.02726337448559671
0 0.3166072215073546 0.44427087378881613 0.021219135802469136 0.03343621399176955
0 0.3682889139606706 0.4442830662031975 0.021219135802469136 0.035493827160493825
0 0.22206524169882264 0.5422935485114697 0.024691358024691357 0.033950617283950615
0 0.24323540642063837 0.5479740731719761 0.020061728395061727 0.024691358024691357
0 0.25891109978797794 0.5275911741735284 0.021604938271604937 0.03292181069958848
0 0.13097050139084523 0.5978657592148037 0.02353395061728395 0.026234567901234566
0 0.18772587455370482 0.6913852387797241 0.016975308641975308 0.032407407407407406
0 0.21912016866962147 0.6419736751681817 0.021219135802469136 0.03909465020576132
0 0.2507227052496467 0.6835780063513467 0.024691358024691357 0.03909465020576132
0 0.2832978979506156 0.6008853807509914 0.01890432098765432 0.024691358024691357
0 0.26320711185983414 0.5673477800245427 0.024691358024691357 0.03446502057613169
0 0.23843944734545586 0.3800052760044334 0.019675925925925927 0.0257201646090535
0 0.3530799017075467 0.5614227314149968 0.018132716049382717 0.02880658436213992
0 0.18861384349419402 0.7495058740547548 0.01890432098765432 0.04063786008230453
0 0.2057759896713214 0.7371854204054115 0.011574074074074073 0.030864197530864196
0 0.22270232723264333 0.7330652460518963 0.017746913580246913 0.029835390946502057
0 0.22336412904945407 0.7592849699049311 0.019290123456790122 0.026748971193415638
0 0.21061979224513666 0.7833511271532987 0.020833333333333332 0.03497942386831276
0 0.29059415105108094 0.7437641621018709 0.023919753086419752 0.03189300411522634
0 0.26612538235735694 0.8107127514570867 0.019290123456790122 0.03292181069958848
0 0.2644733637220348 0.8892021045908197 0.023919753086419752 0.026748971193415638
0 0.317690844027794 0.8618968495944421 0.022376543209876542 0.03189300411522634
0 0.4468409015243577 0.7167404935803465 0.021604938271604937 0.03292181069958848
0 0.36135206045567897 0.9678721427473965 0.021604938271604937 0.03497942386831276
0 0.3946094655397332 0.9963229203936845 0.020833333333333332 0.040123456790123455
0 0.42117715381740023 0.999036393000471 0.016975308641975308 0.03909465020576132
0 0.5850832941299623 0.700606677415344 0.018518518518518517 0.024691358024691357
0 0.49990702965210265 0.7014313847134387 0.018518518518518517 0.0257201646090535
