0 0.56689453125 0.9631268436578171 0.0205078125 0.038348082595870206
0 0.0166015625 0.6342182890855457 0.0234375 0.035398230088495575
0 0.765625 0.8960176991150443 0.025390625 0.045722713864306784
0 0.7333984375 0.8429203539823009 0.025390625 0.03687315634218289
0 0.7060546875 0.8075221238938053 0.021484375 0.03982300884955752
0 0.93701171875 0.6364306784660767 0.0166015625 0.03687315634218289
0 0.369140625 0.6733038348082596 0.0234375 0.03392330383480826
0 0.32763671875 0.553834808259587 0.0263671875 0.04277286135693215
0 0.3486328125 0.528023598820059 0.0234375 0.04424778761061947
0 0.4130859375 0.5147492625368731 0.0234375 0.04424778761061947
0 0.39404296875 0.5221238938053098 0.0205078125 0.038348082595870206
0 0.2958984375 0.5294985250737463 0.0234375 0.038348082595870206
0 0.1796875 0.5132743362831859 0.021484375 0.0471976401179941
0 0.4501953125 0.6187315634218289 0.01953125 0.03392330383480826
0 0.626953125 0.5966076696165191 0.021484375 0.04277286135693215
0 0.64892578125 0.5914454277286135 0.0244140625 0.04129793510324484
0 0.71875 0.6482300884955752 0.01953125 0.030973451327433628
0 0.53857421875 0.5221238938053098 0.0224609375 0.04424778761061947
0 0.57373046875 0.5471976401179941 0.0224609375 0.04129793510324484
0 0.73583984375 0.5855457227138643 0.0224609375 0.032448377581120944
0 0.5595703125 0.43289085545722716 0.01953125 0.03687315634218289
0 0.5888671875 0.4314159292035398 0.025390625 0.045722713864306784
0 0.65869140625 0.4277286135693215 0.0263671875 0.04129793510324484
0 0.76513671875 0.4668141592920354 0.0185546875 0.04277286135693215
0 0.7373046875 0.46017699115044247 0.017578125 0.04424778761061947
0 0.7548828125 0.45870206489675514 0.01953125 0.038348082595870206
0 0.75537109375 0.41814159292035397 0.0244140625 0.03982300884955752
0 0.59375 0.38421828908554573 0.0234375 0.04277286135693215
0 0.68359375 0.4026548672566372 0.025390625 0.038348082595870206
0 0.703125 0.32079646017699115 0.025390625 0.04277286135693215
0 0.71923828125 0.3547197640117994 0.0263671875 0.03687315634218289
0 0.41162109375 0.3974926253687316 0.0224609375 0.03687315634218289
0 0.361328125 0.31784660766961653 0.025390625 0.03687315634218289
0 0.37646484375 0.29129793510324486 0.0263671875 0.03982300884955752
0 0.23779296875 0.24778761061946902 0.0244140625 0.038348082595870206
0 0.20263671875 0.22935103244837757 0.0263671875 0.03392330383480826
0 0.4677734375 0.26991150442477874 0.025390625 0.038348082595870206
0 0.494140625 0.25442477876106195 0.0234375 0.03687315634218289
0 0.822265625 0.2971976401179941 0.0234375 0.03982300884955752
0 0.73779296875 0.24410029498525074 0.0244140625 0.03982300884955752
0 0.6884765625 0.25737463126843657 0.025390625 0.03687315634218289
0 0.69140625 0.29646017699115046 0.0234375 0.035398230088495575
0 0.490234375 0.20943952802359883 0.029296875 0.038348082595870206
0 0.82666015625 0.22861356932153393 0.0263671875 0.05014749262536873
0 0.19873046875 0.049410029498525077 0.0244140625 0.051622418879056046
0 0.05908203125 0.21755162241887904 0.0341796875 0.05457227138643068
