0 0.5861327782378772 0.03299090737437916 0.025958466453674122 0.03872282608695652
0 0.46240141312437194 0.0074272095417825005 0.02476038338658147 0.04076086956521739
0 0.43754081272920037 0.03811892369278493 0.019568690095846646 0.03804347826086957
0 0.4578809580997501 0.05932567212939024 0.02156549520766773 0.03736413043478261
0 0.47412189084456097 0.0378839752363936 0.0231629392971246 0.03328804347826087
0 0.46255053942767566 0.092785068925277 0.021166134185303515 0.033967391304347824
0 0.4739571599654117 0.11688231292683929 0.022763578274760384 0.036684782608695655
0 0.3157740142674899 0.27106095551809156 0.019169329073482427 0.04008152173913043
0 0.3302450891816871 0.28312743040041405 0.018769968051118212 0.035326086956521736
0 0.31855379894702535 0.30166970528768305 0.018769968051118212 0.033967391304347824
0 0.41600234543972753 0.2593053897016381 0.01757188498402556 0.036684782608695655
0 0.38385584175607856 0.31676383965060984 0.018370607028753993 0.03260869565217391
0 0.3917446280091061 0.31215385433480675 0.01637380191693291 0.036684782608695655
0 0.3669160272221303 0.3361463728797169 0.022364217252396165 0.03192934782608696
0 0.38976267396713243 0.34979254718276315 0.022763578274760384 0.036005434782608696
0 0.4352963461691569 0.30664176648138336 0.019968051118210862 0.029211956521739132
0 0.4249479092197202 0.35563514792658024 0.02036741214057508 0.04483695652173913
0 0.4460385198956208 0.3702215223629251 0.02036741214057508 0.042119565217391304
0 0.46598544314331103 0.3169001280947656 0.019968051118210862 0.04076086956521739
0 0.4669436485748507 0.247712485343919 0.019169329073482427 0.029891304347826088
0 0.4827002311115537 0.2683219748643566 0.020766773162939296 0.03940217391304348
0 0.498642157743759 0.28404277388023813 0.015175718849840255 0.03804347826086957
0 0.5081852190947951 0.26800254566545023 0.017172523961661343 0.041440217391304345
0 0.5261592772238534 0.2652542322632113 0.017971246006389777 0.03736413043478261
0 0.48811297163582174 0.1504383842100992 0.018769968051118212 0.030570652173913044
0 0.5416711113856644 0.11666434188049765 0.021166134185303515 0.04008152173913043
0 0.5403808709249881 0.1536236869023672 0.026757188498402557 0.04619565217391304
0 0.5667534115697053 0.1328214892967958 0.023961661341853034 0.04008152173913043
0 0.591561022387329 0.13865843090392946 0.024361022364217253 0.043478260869565216
0 0.6156491381994622 0.06832656166128405 0.02196485623003195 0.03872282608695652
0 0.6019113800522676 0.09986092598672026 0.022763578274760384 0.04008152173913043
0 0.6204042233672991 0.09660310171491622 0.020766773162939296 0.034646739130434784
0 0.6107135796754621 0.14142045441213066 0.020766773162939296 0.036005434782608696
0 0.6213137953064622 0.12238086240015456 0.019169329073482427 0.041440217391304345
0 0.5810468252504077 0.19056016079562463 0.022763578274760384 0.04076086956521739
0 0.6209364535617853 0.1674647265412639 0.022364217252396165 0.04008152173913043
0 0.5839427073167159 0.2371359763108554 0.025958466453674122 0.04483695652173913
0 0.6145562807814673 0.19961746996849658 0.025159744408945688 0.041440217391304345
0 0.684081178563871 0.17212651955870778 0.021166134185303515 0.03736413043478261
0 0.37003604444697746 0.4778119211122094 0.019568690095846646 0.03260869565217391
0 0.334203510921466 0.46123061904035273 0.019968051118210862 0.036684782608695655
0 0.3569441785113724 0.5479341048596713 0.02036741214057508 0.03940217391304348
0 0.38926028381350963 0.5079590595201764 0.019968051118210862 0.03736413043478261
0 0.4094394018347453 0.48657179674329537 0.02036741214057508 0.03736413043478261
0 0.3927499599210261 0.5637572374996092 0.02036741214057508 0.04076086956521739
0 0.40546307805062004 0.5665680359872427 0.02156549520766773 0.04008152173913043
0 0.4303719351851691 0.5448500257380889 0.02476038338658147 0.036684782608695655
0 0.4492679809535684 0.563160619473054 0.02036741214057508 0.03804347826086957
0 0.46872005900847474 0.5668051416943507 0.02156549520766773 0.043478260869565216
0 0.47387014911350434 0.5378215990208279 0.017172523961661343 0.030570652173913044
0 0.5513574359428366 0.5433016547229894 0.02036741214057508 0.044157608695652176
0 0.4547815910417628 0.5216611843004424 0.018370607028753993 0.03940217391304348
0 0.4648238536707541 0.5070917872741472 0.022763578274760384 0.03940217391304348
0 0.5101190542985597 0.36337425087555236 0.02356230031948882 0.034646739130434784
0 0.552183663609421 0.33853493938062934 0.020766773162939296 0.03872282608695652
0 0.5328118419020879 0.33716492545508897 0.020766773162939296 0.03736413043478261
0 0.4838265311495854 0.6323741660747209 0.017971246006389777 0.03736413043478261
0 0.5011571324367238 0.6392789044004175 0.019968051118210862 0.03940217391304348
0 0.6162627919510255 0.35953678598724276 0.02356230031948882 0.03872282608695652
0 0.6329761738579339 0.33880775085081993 0.0231629392971246 0.04076086956521739
0 0.6145052119194213 0.24634200225462027 0.0231629392971246 0.04483695652173913
0 0.6434019171311067 0.20580301192944447 0.024361022364217253 0.041440217391304345
0 0.9079640831800455 0.30799100367300325 0.027955271565495207 0.05298913043478261
0 0.8740271084494298 0.3248479782114046 0.018370607028753993 0.04076086956521739
0 0.5680844007594268 0.7359278572423867 0.026357827476038338 0.036684782608695655
0 0.4955891267096472 0.7451561134251513 0.034345047923322686 0.051630434782608696
0 0.5002754798229221 0.8323334043509526 0.026357827476038338 0.04483695652173913
0 0.528582232424403 0.8029638046175497 0.027156549520766772 0.04755434782608696
0 0.5341092875211106 0.8328355051408513 0.02875399361022364 0.05434782608695652
0 0.7699024709888097 0.6647975008654025 0.027955271565495207 0.04755434782608696
0 0.7289997269528428 0.7834133571007583 0.031150159744408944 0.06114130434782609
0 0.5600165472115701 0.8140591572686825 0.020766773162939296 0.03872282608695652
0 0.5741040035804172 0.802576872086178 0.018370607028753993 0.04551630434782609
0 0.5627767479830877 0.8466482490963317 0.022364217252396165 0.041440217391304345
0 0.530613987168257 0.8884337995373627 0.021166134185303515 0.03736413043478261
0 0.5011693092850711 0.8804832601502237 0.017971246006389777 0.030570652173913044
0 0.5076321737826319 0.8988458961687087 0.01757188498402556 0.029891304347826088
0 0.5050955935154857 0.9233015424363474 0.017172523961661343 0.04076086956521739
0 0.48448741233219095 0.8564681050585806 0.015175718849840255 0.033967391304347824
0 0.49697564179724785 0.9720673855048195 0.018370607028753993 0.03260869565217391
0 0.39396087239180244 0.9885206846836787 0.017172523961661343 0.028532608695652172
0 0.3555295421970865 0.8780051946597255 0.017172523961661343 0.04076086956521739
0 0.3163450724755196 0.9717924167839123 0.02036741214057508 0.03328804347826087
0 0.30838741626676147 0.8933190510119774 0.023961661341853034 0.044157608695652176
0 0.282092696599948 0.8681548857633439 0.021166134185303515 0.036005434782608696
0 0.20399011110588772 0.8452369331270506 0.019169329073482427 0.03736413043478261
0 0.3268405771115896 0.8559769162343152 0.019568690095846646 0.036684782608695655
0 0.2120943203471115 0.8188431851726115 0.02156549520766773 0.024456521739130436
0 0.3329245559019706 0.8052884325279884 0.018370607028753993 0.035326086956521736
0 0.34074587826060193 0.689745978030461 0.019968051118210862 0.036005434782608696
0 0.23767235713110302 0.7121403033834935 0.018370607028753993 0.02717391304347826
0 0.28696603872188986 0.6766711587927621 0.019169329073482427 0.03328804347826087
0 0.2991761141425248 0.6576193730359279 0.017172523961661343 0.026494565217391304
0 0.3076926147604583 0.6657284311062222 0.019968051118210862 0.029211956521739132
0 0.21769460148472092 0.9902349844616 0.018370607028753993 0.041440217391304345
0 0.23590507257132748 0.9358734482686811 0.022763578274760384 0.042119565217391304
0 0.24344711062653962 0.9974972495818814 0.021166134185303515 0.03940217391304348
0 0.15365717727948322 0.6256060136310841 0.021166134185303515 0.04008152173913043
0 0.136727857730211 0.6300738167841693 0.02196485623003195 0.035326086956521736
0 0.1656236715347299 0.6554289391749533 0.02036741214057508 0.030570652173913044
0 0.14934689775071952 0.663178078618067 0.02036741214057508 0.036684782608695655
0 0.21813899342028828 0.6301312836224932 0.018370607028753993 0.028532608695652172
0 0.21563389810717012 0.609842739662066 0.02036741214057508 0.03260869565217391
0 0.2316637639489562 0.6686215530856541 0.018370607028753993 0.033967391304347824
0 0.22575411961523378 0.691291081741473 0.017971246006389777 0.03192934782608696
0 0.19909011781874997 0.6480551794079656 0.01637380191693291 0.03125
0 0.18090255741699734 0.682783131976828 0.022763578274760384 0.030570652173913044
0 0.33957722153086695 0.48929181446211806 0.0231629392971246 0.03872282608695652
0 0.7638262760110981 0.36836217942593164 0.020766773162939296 0.041440217391304345
0 0.7402826681924605 0.36285271798698326 0.02156549520766773 0.04619565217391304
0 0.7863877384050069 0.38660287799583554 0.029952076677316294 0.04483695652173913
0 0.8036151726597178 0.41086669164983214 0.026357827476038338 0.04551630434782609
0 0.831899014576345 0.40113067554048576 0.026757188498402557 0.052309782608695655
0 0.8587941818380389 0.40021072012132425 0.03314696485623003 0.050271739130434784
0 0.7542716903670507 0.32322714847279405 0.02196485623003195 0.04891304347826087
0 0.98334896249546 0.2767059387995331 0.021166134185303515 0.05366847826086957
0 0.9703655110846201 0.32201168218068404 0.020766773162939296 0.04076086956521739
0 0.9995465092402326 0.34277228030461043 0.022364217252396165 0.035326086956521736
0 0.8778115724855491 0.4270310145639176 0.019169329073482427 0.03804347826086957
0 0.9209625235619014 0.4481913798536863 0.025559105431309903 0.051630434782608696
0 0.8090213975314823 0.47027368608747905 0.0231629392971246 0.04619565217391304
0 0.6064733373119328 0.4801499616907061 0.02196485623003195 0.05434782608695652
0 0.9046308394848414 0.48227329852694867 0.02196485623003195 0.036684782608695655
0 0.9125540607157341 0.5192049887550145 0.02036741214057508 0.04076086956521739
0 0.961563964016762 0.4604812503371546 0.02476038338658147 0.03872282608695652
0 0.9518446474935653 0.49434455707446273 0.02156549520766773 0.041440217391304345
0 0.9870398630766615 0.447227433120284 0.020766773162939296 0.04551630434782609
0 0.9870125963066362 0.40842426906639157 0.017971246006389777 0.043478260869565216
0 0.9975397237979028 0.3898486802486357 0.018370607028753993 0.041440217391304345
0 0.9092813515589167 0.5557580320028669 0.019568690095846646 0.042798913043478264
0 0.9772895762536044 0.5638799247076317 0.02476038338658147 0.04619565217391304
