0 0.39275756454253713 0.07879196498124723 0.04727272727272727 0.07650273224043716
0 0.6523565734783255 0.011309096645788087 0.04727272727272727 0.07650273224043716
0 0.4399172412216443 0.23979094269218734 0.04363636363636364 0.08743169398907104
0 0.5395209363175626 0.061881825998884865 0.04363636363636364 0.060109289617486336
0 0.5423787486261527 0.11303601142056642 0.03636363636363636 0.06557377049180328
0 0.4390431282879476 0.40145022026870747 0.05090909090909091 0.09289617486338798
0 0.510095561605923 0.4060582352399458 0.04727272727272727 0.07650273224043716
0 0.5846188410035505 0.21204992497994038 0.03636363636363636 0.07103825136612021
0 0.7345139070773677 0.11039481195824626 0.04363636363636364 0.08743169398907104
0 0.7419474657466767 0.03138228658381434 0.03636363636363636 0.08196721311475409
0 0.7088029686203178 0.2620533954422954 0.05090909090909091 0.08196721311475409
0 0.773913676133873 0.24026727369811188 0.04727272727272727 0.08743169398907104
0 0.9083716857408417 0.1803996706055433 0.03636363636363636 0.07650273224043716
0 0.6673636027185204 0.5093859147143102 0.04 0.08743169398907104
0 0.5825792441582583 0.5892549059918207 0.04363636363636364 0.07650273224043716
0 0.6136841444393252 0.73578877814522 0.03636363636363636 0.08196721311475409
0 0.5659289229768529 0.9065730446893784 0.03636363636363636 0.06557377049180328
0 0.5959592147921173 0.8426596434724022 0.03636363636363636 0.08743169398907104
0 0.6555675960481655 0.8666613092943326 0.05090909090909091 0.08743169398907104
0 0.7030617383480032 0.607765809673769 0.02909090909090909 0.07103825136612021
0 0.734666621806512 0.5424862882382137 0.04 0.07103825136612021
0 0.8157190551244875 0.5731223891155417 0.04363636363636364 0.09289617486338798
0 0.7838228006880797 0.6922883364099371 0.04 0.06557377049180328
0 0.7439486541092672 0.32620848318418927 0.04727272727272727 0.060109289617486336
0 0.5026270249612198 0.32104529341003124 0.04 0.07103825136612021
0 0.4721876254143066 0.1707791114102264 0.03636363636363636 0.07103825136612021
0 0.8596723953938844 0.1847922803175289 0.03636363636363636 0.06557377049180328
0 0.8852050134666558 0.04906300562834915 0.03272727272727273 0.07650273224043716
