0 0.022409215496104286 0.6619803926097236 0.06171875 0.09261430246189918
0 0.14706689715388932 0.7245468649155142 0.0671875 0.08323563892145369
0 0.08202609083861959 0.6692161547018961 0.06015625 0.08440797186400938
0 0.054611489782631126 0.7538833799894692 0.046875 0.10785463071512309
0 0.16494674612245247 0.6596465985167662 0.03515625 0.08440797186400938
0 0.20816589305658434 0.72508379744715 0.04765625 0.0984759671746776
0 0.19243448158802118 0.7955680494506042 0.0546875 0.12192262602579132
0 0.1436018621652663 0.8304295503640691 0.059375 0.09261430246189918
0 0.11910742022544593 0.7562152584920845 0.03515625 0.07971864009378664
0 0.010716497524847046 0.5096673229096855 0.04140625 0.09261430246189918
0 0.059495776328739855 0.40784420712244596 0.0515625 0.10433763188745604
0 0.17206535082335184 0.23383431812617309 0.0359375 0.044548651817116064
0 0.20028374627754358 0.25676619284183005 0.03359375 0.07033997655334115
0 0.27161011300538807 0.37298230139710986 0.0390625 0.05275498241500586
0 0.30749802978622653 0.4170202966023107 0.046875 0.07268464243845252
0 0.3356200094095803 0.2931599599338978 0.0375 0.07620164126611957
0 0.5004409452422159 0.3710171003991539 0.04609375 0.06916764361078546
0 0.5419844029314379 0.3289337307426124 0.06328125 0.07737397420867527
0 0.3728466008233518 0.7556831546387188 0.0515625 0.09378663540445487
0 0.38869972312844137 0.8895011722383717 0.04140625 0.07502930832356389
0 0.49096081033502925 0.7684172218388094 0.05390625 0.0914419695193435
0 0.54323894072485 0.7190642602780201 0.05390625 0.07033997655334115
0 0.4558596447691611 0.6302927637249025 0.05546875 0.10668229777256741
0 0.5048314854655687 0.5770357845569359 0.06640625 0.0738569753810082
0 0.5512512476476049 0.5781070328751368 0.04921875 0.08440797186400938
0 0.5475272941332335 0.6293894500314645 0.04765625 0.07854630715123095
0 0.5668995290688625 0.5449213724356593 0.0609375 0.07854630715123095
0 0.6889237459802405 0.5854029006991052 0.04375 0.07854630715123095
0 0.5860726941047911 0.4423508998209912 0.0375 0.07737397420867527
0 0.6814577889760493 0.42062891057163565 0.046875 0.08909730363423213
0 0.6740171269775466 0.31336497866320323 0.03984375 0.04689331770222743
0 0.7181006539589838 0.3435341262495035 0.04140625 0.06213364595545135
0 0.5607624485446114 0.387118252674786 0.04765625 0.06799531066822978
0 0.5410594372350302 0.5070689334340092 0.05078125 0.0492379835873388
0 0.5192815900889225 0.4176409940403924 0.04765625 0.05627198124267292
0 0.5541261204826341 0.8774899930673172 0.0421875 0.08909730363423213
0 0.5416038458535919 0.9844510759145565 0.04453125 0.07971864009378664
0 0.4758313727574836 0.9764566803909305 0.028125 0.06096131301289566
0 0.6232849929428148 0.6551300300495767 0.04296875 0.06330597889800703
0 0.5803052405128742 0.7356843242126505 0.03515625 0.053927315357561546
0 0.5669661554712572 0.7959737902574803 0.034375 0.06096131301289566
