0 0.5472727272727272 0.9453551912568307 0.04727272727272727 0.07650273224043716
0 0.7945454545454546 0.8087431693989071 0.04727272727272727 0.07650273224043716
0 0.8363636363636363 0.8169398907103825 0.03636363636363636 0.07103825136612021
0 0.5345454545454545 0.7704918032786885 0.04363636363636364 0.08743169398907104
0 0.68 0.8497267759562842 0.04363636363636364 0.060109289617486336
0 0.6654545454545454 0.8032786885245902 0.03636363636363636 0.06557377049180328
0 0.48 0.6311475409836066 0.05090909090909091 0.09289617486338798
0 0.54 0.5737704918032787 0.04727272727272727 0.07650273224043716
0 0.6690909090909091 0.6857923497267759 0.03636363636363636 0.07103825136612021
0 0.8327272727272728 0.6612021857923497 0.04363636363636364 0.08743169398907104
0 0.8654545454545455 0.7240437158469946 0.03636363636363636 0.08196721311475409
0 0.76 0.5491803278688525 0.05090909090909091 0.08196721311475409
0 0.8236363636363636 0.5191256830601093 0.04727272727272727 0.08743169398907104
0 0.96 0.46994535519125685 0.03636363636363636 0.07650273224043716
0 0.6418181818181818 0.366120218579235 0.04 0.08743169398907104
0 0.5418181818181819 0.36065573770491804 0.04363636363636364 0.07650273224043716
0 0.52 0.2103825136612022 0.03636363636363636 0.08196721311475409
0 0.4218181818181818 0.09836065573770492 0.03636363636363636 0.06557377049180328
0 0.4690909090909091 0.13114754098360656 0.03636363636363636 0.08743169398907104
0 0.5127272727272727 0.06557377049180328 0.05090909090909091 0.08743169398907104
0 0.64 0.2540983606557377 0.02909090909090909 0.07103825136612021
0 0.6890909090909091 0.28688524590163933 0.04 0.07103825136612021
0 0.7490909090909091 0.1994535519125683 0.04363636363636364 0.09289617486338798
0 0.6818181818181818 0.12021857923497267 0.04 0.06557377049180328
0 0.769090909090909 0.4672131147540984 0.04727272727272727 0.060109289617486336
0 0.5618181818181818 0.6530054644808743 0.04 0.07103825136612021
0 0.5854545454545454 0.8060109289617486 0.03636363636363636 0.07103825136612021
0 0.9163636363636364 0.5027322404371585 0.03636363636363636 0.06557377049180328
0 0.9836363636363636 0.6010928961748634 0.03272727272727273 0.07650273224043716
