0 0.11338887468484359 0.3550587236000024 0.023846153846153847 0.053117782909930716
0 0.14517018130336054 0.3741821521594196 0.026153846153846153 0.03464203233256351
0 0.0890018023941754 0.4001955102837436 0.026923076923076925 0.04387990762124711
0 0.022396553725284582 0.5745918414975292 0.024615384615384615 0.05658198614318707
0 0.16099635734433726 0.3217979296308415 0.02846153846153846 0.050808314087759814
0 0.13056761245597237 0.27616817004151156 0.026153846153846153 0.03002309468822171
0 0.17246406653995197 0.4405293978354584 0.02923076923076923 0.05196304849884527
0 0.1944909265289713 0.323436017722114 0.019230769230769232 0.04157043879907621
0 0.24839303434376672 0.3053869948368548 0.03230769230769231 0.049653579676674366
0 0.23866917576578395 0.3724829737820225 0.023076923076923078 0.049653579676674366
0 0.2685061992030205 0.34729014780268325 0.025384615384615384 0.04849884526558892
0 0.012270307479167986 0.3773621360879498 0.03230769230769231 0.025404157043879907
0 0.2113264701287873 0.25750994607580824 0.02 0.04734411085450346
0 0.33125518654820796 0.17556932155207058 0.025384615384615384 0.03695150115473441
0 0.21188859483150513 0.18968744851101127 0.024615384615384615 0.03002309468822171
0 0.32124408776755403 0.09757665267679515 0.024615384615384615 0.03464203233256351
0 0.3560416725976967 0.2007551057696865 0.022307692307692306 0.04387990762124711
0 0.4083942200933767 0.12671405937088115 0.031538461538461536 0.03810623556581986
0 0.38797756528877014 0.22374467314129 0.022307692307692306 0.053117782909930716
0 0.4168456510773656 0.1613905030420241 0.024615384615384615 0.03926096997690531
0 0.3897645541070472 0.31153185796064037 0.02076923076923077 0.050808314087759814
0 0.3186129561782761 0.4972020225702856 0.02923076923076923 0.053117782909930716
0 0.45361044233433473 0.23619654496206466 0.018461538461538463 0.03464203233256351
0 0.4348306155532383 0.257806362069614 0.022307692307692306 0.04387990762124711
0 0.46458677917007857 0.3340199225655835 0.03230769230769231 0.03117782909930716
0 0.4423353064498941 0.3593052739709299 0.023076923076923078 0.046189376443418015
0 0.45912401225551364 0.3740888292633752 0.02076923076923077 0.046189376443418015
0 0.4059561218806446 0.35016696586997675 0.03230769230769231 0.042725173210161664
0 0.6594064903891684 0.05650136551196716 0.03 0.03926096997690531
0 0.6950127445956358 0.04630897955198886 0.038461538461538464 0.04503464203233257
0 0.585669076124479 0.013739203499547931 0.024615384615384615 0.03926096997690531
0 0.6170492519968328 0.07454483473485157 0.02 0.03464203233256351
0 0.5856040059813923 0.249135836026053 0.023076923076923078 0.04041570438799076
0 0.6175793372795595 0.15675450567553884 0.027692307692307693 0.050808314087759814
0 0.5925115588460258 0.3744863005442599 0.03 0.04849884526558892
0 0.7977553240568249 0.00859763780337558 0.04 0.053117782909930716
0 0.7099770055820933 0.21801165671612832 0.031538461538461536 0.04157043879907621
0 0.8787489019383544 0.06907164423625665 0.021538461538461538 0.04849884526558892
0 0.7006690761244789 0.31274797455214276 0.03076923076923077 0.04157043879907621
0 0.7196311031203336 0.304313970421319 0.023076923076923078 0.03464203233256351
0 0.7193569443045251 0.34055263774485234 0.027692307692307693 0.053117782909930716
0 0.6895300283448381 0.35306966541477797 0.026153846153846153 0.06466512702078522
0 0.9433329728179861 0.2104362628968767 0.03 0.05542725173210162
0 0.9101300691138127 0.19454497995602366 0.03076923076923077 0.04503464203233257
0 0.8759996489743008 0.155456864142053 0.02076923076923077 0.03926096997690531
0 0.8947602521034026 0.22386634813779419 0.024615384615384615 0.049653579676674366
0 0.8470662274237524 0.21186748422165383 0.025384615384615384 0.03348729792147806
0 0.8415896534380867 0.24728155383717587 0.023076923076923078 0.04041570438799076
0 0.8546012407530568 0.27533900119472887 0.025384615384615384 0.03926096997690531
0 0.8846931993541071 0.30392680899514696 0.023076923076923078 0.04387990762124711
0 0.8643685031505508 0.3515429424652969 0.01769230769230769 0.03579676674364896
0 0.8495719096235126 0.3650337192573202 0.016923076923076923 0.046189376443418015
0 0.8252289668365939 0.3767979480950903 0.031538461538461536 0.03695150115473441
0 0.8291717701804537 0.4193821010172187 0.03307692307692308 0.05196304849884527
0 0.9381685448867464 0.4475857235901614 0.021538461538461538 0.05196304849884527
0 0.9090344251536833 0.4041673537346203 0.027692307692307693 0.04387990762124711
0 0.920567470111251 0.5288423719589024 0.033846153846153845 0.04849884526558892
0 0.952317462994015 0.521325490962097 0.023076923076923078 0.046189376443418015
0 0.914158688793591 0.45906126882516013 0.018461538461538463 0.04041570438799076
0 0.8923948888397263 0.4879240754399214 0.024615384615384615 0.050808314087759814
0 0.7728744367347051 0.32150358552496894 0.02076923076923077 0.03810623556581986
0 0.815698141635157 0.2677214636458633 0.024615384615384615 0.04387990762124711
0 0.7698813473874916 0.4061000778260579 0.025384615384615384 0.03926096997690531
0 0.7717464877357182 0.4398179452628796 0.03076923076923077 0.03348729792147806
0 0.5626321228923823 0.3210469107923268 0.02923076923076923 0.03579676674364896
0 0.6117682252316543 0.5458022150172459 0.03538461538461538 0.053117782909930716
0 0.6197926283146208 0.5008464136224925 0.023846153846153847 0.05196304849884527
0 0.6475189580331284 0.5521517661788674 0.02846153846153846 0.053117782909930716
0 0.6538310898530824 0.589349009736722 0.02846153846153846 0.04157043879907621
0 0.5218752478257761 0.5730435945278595 0.026153846153846153 0.050808314087759814
0 0.5335157754428375 0.5409541959569087 0.026153846153846153 0.042725173210161664
0 0.4838333380781574 0.518011635347983 0.026153846153846153 0.04387990762124711
0 0.49349384350039593 0.5743075153520769 0.025384615384615384 0.04734411085450346
0 0.5391755409463658 0.5833836438025758 0.024615384615384615 0.050808314087759814
0 0.4907581319885768 0.42400738979397273 0.025384615384615384 0.04387990762124711
0 0.5125532456781947 0.421784892735434 0.023076923076923078 0.03117782909930716
0 0.5285552140499313 0.41258291688467824 0.026153846153846153 0.04157043879907621
0 0.40763635372366613 0.418046089422853 0.022307692307692306 0.03579676674364896
0 0.4072904512619064 0.478347640427818 0.026153846153846153 0.04503464203233257
0 0.39755919349682106 0.5107823485896192 0.03230769230769231 0.05889145496535797
0 0.5634716459390879 0.6523290419035568 0.03 0.04041570438799076
0 0.3441861796616479 0.5463733379311025 0.02846153846153846 0.05658198614318707
0 0.3473358376876266 0.5949783934111267 0.03076923076923077 0.046189376443418015
0 0.3827295692466871 0.6096375894026635 0.022307692307692306 0.046189376443418015
0 0.366487464085342 0.634381473040395 0.025384615384615384 0.053117782909930716
0 0.3451423015422925 0.6435475494532229 0.026923076923076925 0.053117782909930716
0 0.25550055970667684 0.7072389273519105 0.023076923076923078 0.05196304849884527
0 0.2573657000549034 0.7409567947887321 0.025384615384615384 0.04849884526558892
0 0.24031465989836734 0.637731334933163 0.02923076923076923 0.028868360277136258
0 0.23214848651084086 0.6188081301135365 0.03076923076923077 0.03002309468822171
0 0.17922912341578742 0.6786733342009923 0.02846153846153846 0.04503464203233257
0 0.34178851135911403 0.7191230511925437 0.024615384615384615 0.049653579676674366
0 0.3646270146337711 0.6826619454797199 0.026923076923076925 0.050808314087759814
0 0.30357180058383976 0.6855765498193083 0.03 0.05196304849884527
0 0.32910089456346203 0.7681204230260964 0.026923076923076925 0.05542725173210162
0 0.28713467943974 0.7571574878825079 0.021538461538461538 0.04041570438799076
0 0.4587039234762221 0.7471305155887223 0.03 0.05658198614318707
0 0.37097046018947805 0.7464994985937972 0.024615384615384615 0.04387990762124711
0 0.39168717096475225 0.7345446652416378 0.01769230769230769 0.03810623556581986
0 0.2771053483101958 0.8338518245949864 0.022307692307692306 0.03810623556581986
0 0.34136174907695793 0.8808309886728176 0.019230769230769232 0.03348729792147806
0 0.5344004192963971 0.9035314737066312 0.027692307692307693 0.05542725173210162
0 0.5072769098096718 0.9750406128939751 0.025384615384615384 0.04157043879907621
