0 0.13603400773090674 0.30143185419225427 0.022376543209876542 0.029835390946502057
0 0.20080700705049045 0.2236524334217458 0.021604938271604937 0.026748971193415638
0 0.19169293874650517 0.43202826257962884 0.02700617283950617 0.033950617283950615
0 0.21415801336822485 0.4242383482074843 0.019290123456790122 0.027777777777777776
0 0.21153777754801323 0.4850596007664655 0.024691358024691357 0.024691358024691357
0 0.2390422726274841 0.4817060833351554 0.017746913580246913 0.024691358024691357
0 0.2554331778283421 0.38890082124107145 0.018518518518518517 0.027777777777777776
0 0.28354778699460226 0.41061885337906734 0.018518518518518517 0.024691358024691357
0 0.2943982328483762 0.4212735925360128 0.020061728395061727 0.01646090534979424
0 0.29496951452798004 0.3917287135311581 0.015432098765432098 0.03189300411522634
0 0.3086996292147547 0.4049185366542948 0.018518518518518517 0.029835390946502057
0 0.3779803276436755 0.2583310940647079 0.020061728395061727 0.02880658436213992
0 0.41755920776254896 0.3312160839096114 0.018518518518518517 0.030864197530864196
0 0.3444194902795882 0.411278335016287 0.020061728395061727 0.03909465020576132
0 0.36731164998831967 0.20179983428461332 0.016203703703703703 0.0257201646090535
0 0.3038916759600793 0.240522863160984 0.016203703703703703 0.026748971193415638
0 0.2319825917628427 0.5744559466871679 0.02546296296296296 0.023662551440329218
0 0.19669207094906227 0.6966596836241589 0.022376543209876542 0.029835390946502057
0 0.2354733690453146 0.659678045329193 0.020061728395061727 0.03189300411522634
0 0.21723084987447103 0.6422401099379507 0.023148148148148147 0.02880658436213992
0 0.14810865920898686 0.5926915529139241 0.016203703703703703 0.01954732510288066
0 0.3520138755806893 0.5646192857437713 0.023148148148148147 0.02880658436213992
0 0.1919896150991323 0.75730188463409 0.025848765432098766 0.037037037037037035
0 0.20920344900628113 0.7461296052684755 0.017746913580246913 0.03137860082304527
0 0.22700983630265148 0.7404409956754147 0.019675925925925927 0.029835390946502057
0 0.23278166532948666 0.7707457724868292 0.017746913580246913 0.028292181069958847
0 0.21850611282811885 0.7876749155104117 0.017361111111111112 0.03137860082304527
0 0.25714198922643383 0.7071475636464357 0.02199074074074074 0.03497942386831276
0 0.29550991870185345 0.7684911268043673 0.023919753086419752 0.02880658436213992
0 0.26069346533037435 0.6170983175783736 0.017746913580246913 0.029835390946502057
0 0.37745891388408237 0.6825384632006117 0.024305555555555556 0.028292181069958847
0 0.4092727735395863 0.6942810298831481 0.02044753086419753 0.02726337448559671
0 0.2741686216364284 0.8262013971557143 0.018518518518518517 0.03343621399176955
0 0.273002069918235 0.8924374025138871 0.027777777777777776 0.02726337448559671
0 0.32925106841635027 0.8844788179074953 0.016975308641975308 0.024691358024691357
0 0.3251051834171632 0.9613240597126755 0.021604938271604937 0.030864197530864196
0 0.3645040176243047 0.980295308948328 0.023148148148148147 0.040123456790123455
