0 0.25254181956366994 0.9444113064378216 0.04479166666666667 0.07704280155642024
0 0.1776092729121725 0.9030175339502233 0.03854166666666667 0.05525291828793774
0 0.19676224273173362 0.8483046314904266 0.04791666666666667 0.08093385214007782
0 0.13346846806606513 0.626136674785674 0.0359375 0.06536964980544747
0 0.10247387486646442 0.5225773879773132 0.030729166666666665 0.049805447470817124
0 0.11401500264969808 0.49330147655212614 0.030729166666666665 0.047470817120622566
0 0.002450347770855288 0.3967937340527004 0.03958333333333333 0.06536964980544747
0 0.6925149621333353 0.218455825380311 0.04791666666666667 0.09182879377431907
0 0.799545540938525 0.4518676610782558 0.053125 0.09260700389105059
0 0.7883327745191636 0.5154563958853112 0.0671875 0.09883268482490272
0 0.7280969061972071 0.4739648456957536 0.04895833333333333 0.09105058365758754
0 0.6613162233395224 0.29569117371644216 0.0578125 0.08249027237354085
0 0.6848684107253508 0.405670693987838 0.03854166666666667 0.051361867704280154
0 0.6340013699936138 0.4405654379272587 0.03333333333333333 0.07937743190661478
0 0.6072402256143721 0.4569115931580888 0.03958333333333333 0.0754863813229572
0 0.5778810869782443 0.4143941472548008 0.04114583333333333 0.07315175097276265
0 0.38639056848223524 0.3351654236521803 0.020833333333333332 0.045136186770428015
0 0.40257746344311357 0.325694705378968 0.025 0.05291828793774319
0 0.43920022313273444 0.37767164121706354 0.0296875 0.045136186770428015
