0 0.0846327990900728 0.26871464041573695 0.06415343915343916 0.0496031746031746
0 0.04062570348597829 0.3958331452526359 0.056216931216931214 0.04811507936507937
0 0.0892320432958823 0.43237671970016994 0.055224867724867725 0.04811507936507937
0 0.011778106344260408 0.5615131757602891 0.05092592592592592 0.04662698412698413
0 0.0017762757116845634 0.5161847936054554 0.041005291005291 0.03844246031746032
0 0.07974862466964244 0.46546635808886905 0.03306878306878307 0.028025793650793652
0 0.2027736977239156 0.47925782068752915 0.049933862433862435 0.045882936507936505
0 0.2648680617282248 0.4728332958419346 0.0291005291005291 0.030753968253968252
0 0.3008579104358892 0.4577261922272591 0.03306878306878307 0.028521825396825396
0 0.30667331630757555 0.2904808012336254 0.03505291005291005 0.032242063492063495
0 0.296648793447265 0.1956522839289955 0.046957671957671955 0.042162698412698416
0 0.3377343136656221 0.20999335829754426 0.04927248677248677 0.051835317460317464
0 0.39032225484852645 0.21561786984963072 0.04894179894179894 0.03844246031746032
0 0.48376542352387386 0.3438155969922518 0.05125661375661376 0.045882936507936505
0 0.45637067310547313 0.22661192275776706 0.04398148148148148 0.04117063492063492
0 0.4924550649298248 0.2130802758236352 0.03736772486772487 0.03968253968253968
0 0.46361558713962747 0.1802931065405343 0.052248677248677246 0.04117063492063492
0 0.5262699122068263 0.25753332848331634 0.05423280423280423 0.053075396825396824
0 0.5753734480410627 0.2869098429080863 0.05886243386243386 0.057291666666666664
0 0.6421724734314255 0.24242189017179647 0.05324074074074074 0.04365079365079365
0 0.6488907419197186 0.27727565959247935 0.07705026455026455 0.061507936507936505
0 0.591336121541554 0.2559010329195867 0.05092592592592592 0.04117063492063492
0 0.5458462423440111 0.4393130796898577 0.08068783068783068 0.06572420634920635
0 0.8000307565054047 0.3670836018859887 0.07175925925925926 0.053075396825396824
0 0.29961200967930685 0.49470737292847616 0.04133597883597884 0.03050595238095238
0 0.29550025171257344 0.5195537852192282 0.020833333333333332 0.029265873015873016
0 0.29103363744168653 0.5306794396200457 0.028769841269841268 0.02628968253968254
0 0.24722948522256893 0.5305673171160536 0.03505291005291005 0.032242063492063495
0 0.23104611459341512 0.43525612311928424 0.026455026455026454 0.025297619047619048
0 0.812150394147326 0.5425311207988792 0.07208994708994709 0.062003968253968256
0 0.976943974622187 0.522187621109496 0.056216931216931214 0.057539682539682536
0 0.9838606435702595 0.49918900582948433 0.03835978835978836 0.03819444444444445
0 0.7647996730775902 0.814811476389653 0.06712962962962964 0.04365079365079365
0 0.9045135463248748 0.7571564667808701 0.09424603174603174 0.05580357142857143
0 0.798270028367139 0.7380384672305894 0.06415343915343916 0.06547619047619048
0 0.7978714922292565 0.666985680843173 0.08531746031746032 0.058779761904761904
0 0.7433412850862091 0.6363149534373177 0.0701058201058201 0.056299603174603176
0 0.7322796874389634 0.7032885561777898 0.06514550264550265 0.06746031746031746
0 0.721084326175078 0.7481891514774291 0.041005291005291 0.03844246031746032
0 0.7027280848924369 0.7645234160076546 0.040013227513227514 0.037450396825396824
0 0.6586901165159198 0.7504303575121216 0.05291005291005291 0.036210317460317464
0 0.6215543054044282 0.7555499767694165 0.041005291005291 0.03521825396825397
0 0.665404123449862 0.6811135224275281 0.037037037037037035 0.03521825396825397
0 0.6149542081628483 0.6863931997027396 0.05324074074074074 0.04439484126984127
0 0.6439911199139501 0.601617269774785 0.06316137566137567 0.06473214285714286
0 0.6157578093563982 0.6272399244940136 0.05720899470899471 0.057291666666666664
0 0.4381006884051565 0.6554142845140687 0.045965608465608467 0.043402777777777776
0 0.5911595691969691 0.8839000942064962 0.055224867724867725 0.03447420634920635
0 0.48545150126464304 0.8184018708833796 0.041005291005291 0.03422619047619048
0 0.5012967416412868 0.8036535958326239 0.036375661375661374 0.039186507936507936
0 0.38813061915597097 0.806784679241663 0.054563492063492064 0.044642857142857144
0 0.44899867735538224 0.7750454534840825 0.04431216931216931 0.03249007936507937
0 0.4185746588092364 0.7649756557815351 0.05125661375661376 0.035962301587301584
0 0.7622305030530707 0.40488538205370134 0.05952380952380952 0.06398809523809523
0 0.5252700719272563 0.5717136046320701 0.04298941798941799 0.03968253968253968
0 0.44280333320203935 0.6041421479800411 0.05886243386243386 0.05009920634920635
0 0.5223865221665869 0.5962068328688349 0.03439153439153439 0.036210317460317464
0 0.4797390392320113 0.61520667162133 0.05092592592592592 0.03521825396825397
0 0.6140885494570232 0.4915828814053797 0.03373015873015873 0.03373015873015873
0 0.20381043814516653 0.7423065821519841 0.04365079365079365 0.05406746031746032
0 0.229861845193673 0.7157838368760595 0.046296296296296294 0.04712301587301587
0 0.3138548495666416 0.7517299068602822 0.046296296296296294 0.023313492063492064
0 0.31391397698570866 0.6814720428485904 0.05886243386243386 0.04662698412698413
0 0.3780023225439895 0.6651712829408819 0.04894179894179894 0.0496031746031746
0 0.35968708997446197 0.6374586196561177 0.04034391534391534 0.029265873015873016
0 0.32083297449038223 0.6432226030531333 0.03373015873015873 0.028769841269841268
0 0.39165526449830357 0.6119389072755452 0.057539682539682536 0.05952380952380952
0 0.31011083855678934 0.6002048218286293 0.04894179894179894 0.027281746031746032
