0 0.8045179892565281 0.7582541722813606 0.03875 0.05
0 0.7252868417743719 0.8269443416399235 0.035 0.05333333333333334
0 0.7820267912004806 0.5696463086064689 0.02875 0.05
0 0.5866839160273046 0.945187929011101 0.03125 0.04
0 0.5284828046117355 0.9274448863061108 0.03375 0.041666666666666664
0 0.5368185349705381 0.8700287643056315 0.02625 0.04
0 0.6314759757729337 0.963630760017888 0.025 0.021666666666666667
0 0.6522728449901795 0.9466590721814009 0.03125 0.023333333333333334
0 0.4847388164512564 0.851422472946589 0.03 0.03833333333333333
0 0.9415087094198836 0.34295402226586946 0.0325 0.04666666666666667
0 0.9066493402026379 0.3274497574604401 0.03875 0.043333333333333335
0 0.8606521534380868 0.319557138151857 0.025 0.03833333333333333
0 0.8933404473063504 0.3117141858752902 0.03 0.025
0 0.8214358197394037 0.36899089488159764 0.025 0.03166666666666667
0 0.825134934918805 0.3392003021266274 0.02875 0.03166666666666667
0 0.849686205108027 0.2625656986040721 0.02625 0.035
0 0.8009438278150924 0.26833333333333337 0.0225 0.03
0 0.7438476846447927 0.25647543881708545 0.0275 0.03666666666666667
0 0.7728516771171284 0.16679062359632657 0.0375 0.04
0 0.8167779473063504 0.1349006659359673 0.0275 0.03666666666666667
0 0.8369273800330572 0.10976712090443035 0.02875 0.03666666666666667
0 0.8478019715334167 0.04654758089133613 0.03 0.045
0 0.753348070013416 0.10674897235033806 0.03125 0.043333333333333335
0 0.6882226846447926 0.12801500392239376 0.0275 0.04
0 0.6708917637576067 0.18465762323097684 0.0225 0.035
0 0.6478220495501817 0.10138040039983849 0.0225 0.03
0 0.6226666049839541 0.08995305629892006 0.0225 0.03
0 0.6466886329748525 0.06376288694035717 0.01875 0.03666666666666667
0 0.5149426717092227 0.12284195546826107 0.02125 0.03333333333333333
0 0.5731618186433546 0.21562664941924006 0.0225 0.03833333333333333
0 0.5627551717092227 0.233260194450777 0.02125 0.03166666666666667
0 0.5820836878606003 0.17123082379624577 0.02375 0.03
0 0.6087627712852711 0.19784352778411032 0.0225 0.03166666666666667
0 0.5655260204632342 0.41299252888015947 0.02875 0.03333333333333333
0 0.5672275403784439 0.38858868747113734 0.025 0.03666666666666667
0 0.5940412427463481 0.45551228059145726 0.02625 0.035
0 0.6388721636335339 0.462378190893733 0.02625 0.03333333333333333
0 0.6381530166994022 0.5023840588563679 0.0225 0.03166666666666667
0 0.6647243186433546 0.4270811855099405 0.0275 0.043333333333333335
0 0.42380410655568795 0.5490331216351296 0.02125 0.03
0 0.44140426532934074 0.5730122805914573 0.02375 0.03166666666666667
0 0.4445621146313768 0.5436383545031537 0.02375 0.03166666666666667
0 0.5260765199152097 0.5318878098369664 0.02375 0.03333333333333333
0 0.5152960753489819 0.5536581062144514 0.01625 0.03
0 0.5362828493020361 0.5471249845793218 0.025 0.023333333333333334
0 0.5075568966601196 0.5807852386171662 0.0325 0.02666666666666667
0 0.4896951227070655 0.5945352386171663 0.02125 0.02666666666666667
0 0.40008255488574773 0.525917211332854 0.02 0.028333333333333332
0 0.421046892348263 0.5126656081756484 0.02125 0.03
0 0.46877404735808353 0.5278867513459482 0.0225 0.02666666666666667
0 0.46366787674490995 0.507761222100439 0.02125 0.028333333333333332
0 0.4850897459621556 0.49223290993692603 0.0275 0.03666666666666667
0 0.4859150635094611 0.4608055658360076 0.0275 0.03333333333333333
0 0.5099655398304194 0.46634776174818343 0.03 0.035
0 0.5546678536138927 0.4579166666666667 0.03125 0.03666666666666667
0 0.3697152007238306 0.8341201442663487 0.03125 0.03833333333333333
0 0.4670773600455078 0.8323017531726966 0.02875 0.03833333333333333
0 0.5531490473580836 0.7227424671974468 0.0325 0.04
0 0.5301931264708977 0.7663947054492635 0.0225 0.03833333333333333
0 0.4989431264708976 0.6942259218005601 0.03 0.03833333333333333
0 0.45466109416814254 0.805294282052856 0.03 0.03166666666666667
0 0.49472518190467 0.731151662744273 0.03 0.03666666666666667
0 0.36372402579880025 0.9436174517767688 0.02875 0.03
0 0.335003653365747 0.6539572594216368 0.03125 0.03
0 0.3069579865164055 0.6591885662013572 0.02625 0.03833333333333333
0 0.23563831857101483 0.9844828482542134 0.03125 0.04
0 0.20253135408957754 0.9830255888325765 0.0325 0.03333333333333333
0 0.23038110436358977 0.9423418321028358 0.02875 0.03666666666666667
0 0.19600771523113444 0.9562932235618379 0.02625 0.035
0 0.17450211189125406 0.96996149338571 0.02375 0.03333333333333333
0 0.1879380010237094 0.9076570168820769 0.02875 0.043333333333333335
0 0.16824008821221226 0.9054999691586437 0.03125 0.04
0 0.5175536749250302 0.41720514243960033 0.0325 0.04
0 0.16835506076933832 0.777432153572535 0.03 0.035
0 0.05944081425915819 0.7092388087409173 0.025 0.041666666666666664
0 0.06765996119329003 0.6865534488539711 0.02625 0.02666666666666667
0 0.1322500925240689 0.6907179676972449 0.0325 0.03
0 0.14064873138251202 0.7217804599869058 0.02875 0.03833333333333333
0 0.18022243806227284 0.6865053541378039 0.03125 0.03
0 0.23744278736430885 0.7819834237617569 0.02625 0.028333333333333332
0 0.3059547879123334 0.7302051115982441 0.03375 0.04
0 0.29788067273293206 0.7498920746423958 0.0325 0.043333333333333335
0 0.2547424698170034 0.8552686623789233 0.02375 0.041666666666666664
0 0.26891554140215324 0.8279999691586437 0.02875 0.04
0 0.24249925239377074 0.5086608295453879 0.0275 0.035
0 0.2811863438941303 0.5096715069796396 0.02875 0.035
0 0.30978970127185507 0.4857281313066656 0.03125 0.03833333333333333
0 0.2724095064316151 0.5510689357598395 0.03 0.041666666666666664
0 0.3478205543377232 0.6152232909936927 0.0225 0.03
0 0.43881290849964044 0.447027798338682 0.03375 0.04
0 0.5313525172474267 0.04573887042362998 0.025 0.028333333333333332
0 0.5520656523420376 0.026907140247502164 0.02 0.02666666666666667
0 0.5661910608416781 0.14786170717955893 0.02625 0.03166666666666667
0 0.4658144731051507 0.0827185740461448 0.02625 0.041666666666666664
0 0.4717355484541326 0.11472604516598536 0.02 0.028333333333333332
0 0.4151286071037126 0.3189979138593197 0.02875 0.04
0 0.32042350321580754 0.37361917829939945 0.02375 0.03166666666666667
0 0.29164505488574777 0.27549153207185373 0.03 0.02666666666666667
0 0.38953323467065926 0.0365545998690583 0.02375 0.03
0 0.40178203230275517 0.05984198630961743 0.0275 0.03333333333333333
0 0.3969511114155692 0.14535211907768178 0.02 0.025
0 0.2213834397063465 0.15156261565508614 0.01875 0.025
0 0.23941268190467 0.1415327003343676 0.02 0.028333333333333332
