0 0.008719518707026124 0.3704392832838121 0.03076923076923077 0.03810623556581986
0 0.12869606422374755 0.2724567363057866 0.02846153846153846 0.04849884526558892
0 0.21241398921757607 0.18989877957555193 0.031538461538461536 0.03117782909930716
0 0.11142807614201536 0.35342470107175633 0.024615384615384615 0.05658198614318707
0 0.1628540985054612 0.3208545262842966 0.027692307692307693 0.04734411085450346
0 0.08800254231288565 0.4010615610920577 0.021538461538461538 0.03464203233256351
0 0.14385164159940841 0.3799917236527748 0.024615384615384615 0.049653579676674366
0 0.16409448667946383 0.36911427217347004 0.026923076923076925 0.026558891454965358
0 0.19487554191358666 0.3244360470567382 0.025384615384615384 0.04157043879907621
0 0.24754836033503338 0.31011918445735515 0.027692307692307693 0.054272517321016164
0 0.2689423432784881 0.3495788900747028 0.02923076923076923 0.050808314087759814
0 0.23952765684561816 0.37240562124379184 0.026153846153846153 0.050808314087759814
0 0.17284868192456734 0.44152942717008253 0.03230769230769231 0.05889145496535797
0 0.025370419420503366 0.5800146502997309 0.024615384615384615 0.049653579676674366
0 0.3216287031521694 0.09857668201141925 0.021538461538461538 0.03695150115473441
0 0.3306267347804327 0.17278056461273905 0.027692307692307693 0.03348729792147806
0 0.35733629775299847 0.20296649550347529 0.026153846153846153 0.04734411085450346
0 0.3888875750594564 0.22495603354045476 0.018461538461538463 0.04503464203233257
0 0.41751182446489205 0.16081313583648138 0.024615384615384615 0.03695150115473441
0 0.4092527011732109 0.12663670683265046 0.031538461538461536 0.04157043879907621
0 0.3188945141811872 0.4956246260301188 0.023076923076923078 0.050808314087759814
0 0.39043072749457375 0.3109544907550976 0.023846153846153847 0.04849884526558892
0 0.4383160685634272 0.25878566485408666 0.024615384615384615 0.04849884526558892
0 0.4515981151006544 0.23327380949642312 0.026153846153846153 0.03348729792147806
0 0.076744187408859 0.7228282406365827 0.026153846153846153 0.03695150115473441
0 0.06813916165541803 0.7489533626377167 0.023076923076923078 0.04157043879907621
0 0.1817520466613334 0.6124848591644414 0.026153846153846153 0.03579676674364896
0 0.17771827601952758 0.6839828910270352 0.01769230769230769 0.03579676674364896
0 0.16457330889020458 0.6913754127229322 0.016153846153846154 0.03579676674364896
0 0.2393669285079298 0.6398860986788727 0.027692307692307693 0.02424942263279446
0 0.23295543889982293 0.6174420646379105 0.026923076923076925 0.03348729792147806
0 0.34453307342651196 0.5507394914106009 0.02923076923076923 0.050808314087759814
0 0.34857893415207614 0.59590107020752 0.026153846153846153 0.042725173210161664
0 0.25880110421166064 0.7423794862524375 0.026923076923076925 0.050808314087759814
0 0.25430899193307943 0.7076049634929125 0.02846153846153846 0.04849884526558892
0 0.2892362569840237 0.7580028121406707 0.026153846153846153 0.04041570438799076
0 0.3070195319742774 0.6899219767486553 0.03 0.03926096997690531
0 0.3295370386389296 0.7704091652981159 0.033846153846153845 0.05542725173210162
0 0.34269852112980037 0.7203344115917085 0.03 0.050808314087759814
0 0.1431832911591675 0.910586525043438 0.026923076923076925 0.04387990762124711
0 0.36483312939717966 0.6878167972293017 0.03 0.046189376443418015
0 0.3452968876148489 0.6474136882654092 0.026153846153846153 0.05542725173210162
0 0.3675520599285847 0.639458972251746 0.031538461538461536 0.05658198614318707
0 0.3849203971015743 0.6084055024533473 0.026923076923076925 0.049653579676674366
0 0.3951760579496261 0.5115144208716235 0.027692307692307693 0.054272517321016164
0 0.4067135281849833 0.476847596425882 0.02923076923076923 0.04849884526558892
0 0.40903403626067214 0.4228349050314327 0.027692307692307693 0.03464203233256351
0 0.4450138070711009 0.3616506422310286 0.023076923076923078 0.049653579676674366
0 0.4085315651201472 0.34993490825528467 0.03076923076923077 0.04157043879907621
0 0.4654967889407648 0.33523128296474825 0.03461538461538462 0.03926096997690531
0 0.48995117959959483 0.4253734552695988 0.027692307692307693 0.049653579676674366
0 0.48484640523054795 0.5218004216219386 0.025384615384615384 0.04734411085450346
0 0.4947884686556976 0.5765189050858657 0.027692307692307693 0.050808314087759814
0 0.5351296802208017 0.5382220650056566 0.026153846153846153 0.04503464203233257
0 0.5207352087430308 0.5746983436062569 0.02923076923076923 0.04734411085450346
0 0.5389455116343067 0.586249753280138 0.02846153846153846 0.046189376443418015
0 0.5298121175854817 0.4181604307633413 0.023076923076923078 0.03926096997690531
0 0.5159356413066792 0.42018676964511575 0.025384615384615384 0.03810623556581986
0 0.5629652095861455 0.32075822718955543 0.026923076923076925 0.03810623556581986
0 0.5934730973075643 0.3769863738808201 0.031538461538461536 0.04503464203233257
0 0.617017478195708 0.465917185786506 0.023846153846153847 0.04734411085450346
0 0.6191264549270943 0.5014237808280352 0.03307692307692308 0.04734411085450346
0 0.6090381959195953 0.5421681338197517 0.03461538461538462 0.04041570438799076
0 0.5878840841468829 0.24582633786925803 0.024615384615384615 0.04503464203233257
0 0.6909654325015954 0.3544923568784834 0.027692307692307693 0.06235565819861432
0 0.6377672196940778 0.3685978884133257 0.024615384615384615 0.03926096997690531
0 0.7195492519968328 0.3410526524121644 0.021538461538461538 0.054272517321016164
0 0.6995152299706328 0.30974788654827057 0.027692307692307693 0.046189376443418015
0 0.4579484997780921 0.7497852940017438 0.02846153846153846 0.057736720554272515
0 0.27455851051599933 0.9080612608586812 0.02846153846153846 0.03579676674364896
0 0.29460264001974884 0.9266902284131614 0.03076923076923077 0.03810623556581986
0 0.5340811396737347 0.9084749943916721 0.026923076923076925 0.054272517321016164
0 0.3386832484557511 0.8784856204127188 0.023846153846153847 0.03695150115473441
0 0.5107108341290085 0.9747312027410523 0.025384615384615384 0.046189376443418015
0 0.5102056546980367 0.9491682750576844 0.023076923076923078 0.03579676674364896
0 0.553868617026328 0.9853281017436387 0.025384615384615384 0.046189376443418015
0 0.659547269390624 0.05571266724188378 0.03076923076923077 0.03810623556581986
0 0.6935258117480264 0.04359757515088803 0.040769230769230766 0.03810623556581986
0 0.7931675535836421 0.005906959952426208 0.043076923076923075 0.046189376443418015
0 0.9433329728179861 0.2104362628968767 0.023846153846153847 0.057736720554272515
0 0.8971433876505975 0.2231342758557901 0.023076923076923078 0.04503464203233257
0 0.8476293434295747 0.20871269114132027 0.023846153846153847 0.03810623556581986
0 0.2789630894713197 0.8329084212484418 0.027692307692307693 0.04157043879907621
0 0.48649928855023405 0.8217100535564457 0.023846153846153847 0.05889145496535797
0 0.8576128280680269 0.2773956858520563 0.026153846153846153 0.03348729792147806
0 0.8448312700651156 0.24647212901694104 0.03076923076923077 0.04157043879907621
0 0.8269974576871144 0.37793195595602436 0.02923076923076923 0.04157043879907621
0 0.8280556456463588 0.41301588886847224 0.033846153846153845 0.05542725173210162
0 0.7694074816922729 0.4071774596989126 0.03461538461538462 0.042725173210161664
0 0.7716434303540138 0.4372405193880887 0.02923076923076923 0.04041570438799076
0 0.9375400931189712 0.44479696665082985 0.03 0.053117782909930716
0 0.8860255461291602 0.3027720745840615 0.021538461538461538 0.046189376443418015
0 0.9069705692291508 0.3999559053315833 0.019230769230769232 0.042725173210161664
0 0.6489543621898857 0.5535744576425728 0.03 0.06004618937644342
0 0.6535495318501712 0.5909264062768887 0.025384615384615384 0.046189376443418015
0 0.9533305301464055 0.5251142772360526 0.023846153846153847 0.05658198614318707
0 0.9193759023376536 0.5292084080999044 0.03307692307692308 0.05196304849884527
0 0.6825899759948415 0.7957640300099322 0.023846153846153847 0.042725173210161664
0 0.7383653490292043 0.6694216672831544 0.026153846153846153 0.04387990762124711
0 0.6011255063274062 0.930370518903296 0.02846153846153846 0.05889145496535797
0 0.705705346375754 0.675727187880795 0.019230769230769232 0.03810623556581986
0 0.5879179117265771 0.8844824214867477 0.02076923076923077 0.04734411085450346
