0 0.4633333333333333 0.23375 0.043333333333333335 0.09
0 0.42333333333333334 0.27125 0.051666666666666666 0.065
0 0.52125 0.361875 0.04583333333333333 0.08375
0 0.45916666666666667 0.42125 0.045 0.08
0 0.4820833333333333 0.368125 0.04083333333333333 0.07625
0 0.44333333333333336 0.35875 0.043333333333333335 0.075
0 0.39375 0.228125 0.04416666666666667 0.06125
0 0.41291666666666665 0.195625 0.035833333333333335 0.05875
0 0.45166666666666666 0.04875 0.05 0.08
0 0.3433333333333333 0.0225 0.043333333333333335 0.045
0 0.21291666666666667 0.016875 0.0425 0.03375
0 0.25583333333333336 0.018125 0.041666666666666664 0.03625
0 0.33958333333333335 0.19625 0.04583333333333333 0.075
0 0.32083333333333336 0.151875 0.045 0.06625
0 0.20291666666666666 0.190625 0.04416666666666667 0.08125
0 0.17 0.18125 0.04 0.08
0 0.13583333333333333 0.265 0.043333333333333335 0.065
0 0.16791666666666666 0.34 0.0475 0.085
0 0.017083333333333332 0.396875 0.034166666666666665 0.08125
0 0.2375 0.446875 0.043333333333333335 0.08875
0 0.17833333333333334 0.48625 0.056666666666666664 0.09
0 0.06166666666666667 0.563125 0.045 0.06625
0 0.08333333333333333 0.503125 0.03666666666666667 0.06375
0 0.04625 0.52875 0.0425 0.075
0 0.45458333333333334 0.63625 0.050833333333333335 0.08
0 0.4033333333333333 0.66875 0.03833333333333333 0.0725
0 0.4125 0.600625 0.03666666666666667 0.07875
0 0.3620833333333333 0.628125 0.04583333333333333 0.08875
0 0.3075 0.71375 0.03833333333333333 0.075
0 0.3616666666666667 0.744375 0.04 0.06875
0 0.50875 0.7225 0.0425 0.0725
0 0.47541666666666665 0.78875 0.0475 0.09
0 0.2504166666666667 0.80125 0.04416666666666667 0.0725
0 0.22875 0.535 0.0425 0.09
0 0.25583333333333336 0.673125 0.041666666666666664 0.08625
0 0.058333333333333334 0.8 0.04833333333333333 0.0925
0 0.5275 0.87 0.043333333333333335 0.0925
0 0.5745833333333333 0.9025 0.0475 0.0775
0 0.48541666666666666 0.935 0.0475 0.0925
0 0.31666666666666665 0.87875 0.03833333333333333 0.08
0 0.355 0.869375 0.035 0.07125
