0 0.404612050936752 0.04840416402903575 0.0205078125 0.038348082595870206
0 0.03693107922529576 0.7488077997870443 0.0234375 0.035398230088495575
0 0.5886035854535946 0.02676857466094106 0.025390625 0.03687315634218289
0 0.5766419533188638 0.07807330871820732 0.021484375 0.03982300884955752
0 0.8332972345640003 0.05183281733029412 0.0166015625 0.03687315634218289
0 0.32929941005164576 0.4487345354798355 0.0234375 0.03392330383480826
0 0.332906754132858 0.5835399303272388 0.0263671875 0.04277286135693215
0 0.35963482657559764 0.5900376361771322 0.0234375 0.04424778761061947
0 0.41984740142889154 0.5528609822450672 0.0234375 0.04424778761061947
0 0.4009143004779184 0.5608548951965094 0.0205078125 0.038348082595870206
0 0.31347723692290264 0.6285833214222879 0.0234375 0.038348082595870206
0 0.21820670660029695 0.7303919931651033 0.021484375 0.0471976401179941
0 0.4175612347724547 0.43478606931467945 0.01953125 0.03392330383480826
0 0.5779622094648214 0.32046509742200485 0.021484375 0.04277286135693215
0 0.5987000723409442 0.3083428096834289 0.0244140625 0.04129793510324484
0 0.640370791452846 0.2064372373446371 0.01953125 0.030973451327433628
0 0.526082034618638 0.4517103524236481 0.0224609375 0.04424778761061947
0 0.5482274589704347 0.40344717858244544 0.0224609375 0.04129793510324484
0 0.6759229834120527 0.2478178858119507 0.0224609375 0.032448377581120944
0 0.5738062008113777 0.51313297326282 0.01953125 0.03687315634218289
0 0.5996663200628749 0.4922864030619121 0.025390625 0.045722713864306784
0 0.6613565704247767 0.4427510985035952 0.0263671875 0.04129793510324484
0 0.7406014620385499 0.328518542160988 0.0185546875 0.04277286135693215
0 0.7186954815621276 0.3552841974958405 0.017578125 0.04424778761061947
0 0.7344068656130258 0.3432871848170565 0.01953125 0.038348082595870206
0 0.7482574639547175 0.37804485237468494 0.0244140625 0.03982300884955752
0 0.6195199597297911 0.5294734427685522 0.0234375 0.04277286135693215
0 0.6912234139760494 0.4456602900439129 0.025390625 0.038348082595870206
0 0.7352375820187141 0.5018024875513412 0.025390625 0.04277286135693215
0 0.7379616241695376 0.4602559030571788 0.0263671875 0.03687315634218289
0 0.4573971689038167 0.655514403485278 0.0224609375 0.03687315634218289
0 0.44020936783457976 0.762469229155425 0.025390625 0.03687315634218289
0 0.46210721330202 0.7740303755685812 0.0263671875 0.03982300884955752
0 0.3564181436365998 0.9164311859102344 0.0244140625 0.038348082595870206
0 0.3320754536598031 0.9589464035316291 0.0263671875 0.03392330383480826
0 0.548262853198353 0.7235987654725257 0.025390625 0.038348082595870206
0 0.5762244605247006 0.7170991588939661 0.0234375 0.03687315634218289
0 0.8462288898914695 0.4322691637468442 0.0234375 0.03982300884955752
0 0.7906515486538191 0.5420433739772863 0.0244140625 0.03982300884955752
0 0.7435477567679655 0.5677893494432746 0.025390625 0.03687315634218289
0 0.7331454874431151 0.5317278845460952 0.0234375 0.035398230088495575
0 0.5877341269161676 0.7590073813355965 0.029296875 0.038348082595870206
0 0.8727397437166942 0.4883461272807327 0.0263671875 0.05014749262536873
