0 0.2169545840881185 0.401890167277098 0.022376543209876542 0.040123456790123455
0 0.23543798121150145 0.4054810942902324 0.020833333333333332 0.033950617283950615
0 0.2875811522229604 0.4003861862775173 0.017746913580246913 0.02263374485596708
0 0.28049549427396947 0.3850513667649374 0.021604938271604937 0.01748971193415638
0 0.3448292811077098 0.4050230603054617 0.016203703703703703 0.02880658436213992
0 0.3642633347184144 0.4066942080965957 0.016203703703703703 0.037037037037037035
0 0.2442313229765635 0.5739365953789204 0.022376543209876542 0.03497942386831276
0 0.14458574361942508 0.6411400899979783 0.016975308641975308 0.030864197530864196
0 0.32304085235100055 0.5007953744532654 0.019290123456790122 0.029835390946502057
0 0.3878009963477483 0.4764842079731887 0.020061728395061727 0.030864197530864196
0 0.38900266946107726 0.4494239622085204 0.016203703703703703 0.024691358024691357
0 0.45766682614179083 0.3044990971948434 0.020061728395061727 0.027777777777777776
0 0.4638710760310492 0.3424897500099049 0.014660493827160493 0.0257201646090535
0 0.48004336935166736 0.3561755101778655 0.018518518518518517 0.01748971193415638
0 0.27199054569409165 0.5608832803855984 0.015432098765432098 0.026748971193415638
0 0.2618674390726677 0.5817436501815129 0.020833333333333332 0.02263374485596708
0 0.2321119443072351 0.6848369781192182 0.018518518518518517 0.0360082304526749
0 0.3630156736124777 0.5632778787712472 0.023148148148148147 0.03497942386831276
0 0.3718411536846296 0.5980627441338557 0.023148148148148147 0.03292181069958848
0 0.26678519544880397 0.7217015450970653 0.023148148148148147 0.03909465020576132
0 0.20217640363007056 0.7340165654476725 0.017746913580246913 0.029835390946502057
0 0.20347601890470632 0.7936022605022058 0.018518518518518517 0.03189300411522634
0 0.2232026381979718 0.7825745741989605 0.014660493827160493 0.02263374485596708
0 0.23865130329828982 0.7801858943947172 0.018518518518518517 0.024691358024691357
0 0.2392235793405755 0.8082564804963905 0.021604938271604937 0.03292181069958848
0 0.22843224324092284 0.8296312535844861 0.019290123456790122 0.02880658436213992
0 0.305936724041988 0.7812539298560418 0.024691358024691357 0.023662551440329218
0 0.3939187035505274 0.6891721183564729 0.022376543209876542 0.02880658436213992
0 0.42135295583972715 0.6074670817381537 0.021604938271604937 0.026748971193415638
0 0.5264329024345386 0.47668203342648036 0.016203703703703703 0.0205761316872428
0 0.5418954172203744 0.47844056443833327 0.018518518518518517 0.027777777777777776
0 0.3332534847469495 0.4780841424087124 0.023148148148148147 0.02880658436213992
0 0.261781357871515 0.3840139899653513 0.013117283950617283 0.021604938271604937
0 0.2551932942384845 0.4603632947257076 0.018518518518518517 0.029835390946502057
0 0.6779844858626465 0.4336713081534713 0.016203703703703703 0.026748971193415638
0 0.667629645599469 0.3994697630564059 0.017746913580246913 0.0257201646090535
0 0.7177394344425243 0.33000817818151357 0.017746913580246913 0.027777777777777776
0 0.7512654168501537 0.352906369081886 0.015432098765432098 0.03189300411522634
0 0.7384795309892827 0.3645308938819648 0.015432098765432098 0.030864197530864196
0 0.2004000042637654 0.9902022126819957 0.017746913580246913 0.0360082304526749
0 0.27974062458593674 0.8539870822402614 0.017361111111111112 0.032407407407407406
0 0.3336398200934405 0.9090174979372632 0.021604938271604937 0.03806584362139918
0 0.28578895014178785 0.9384283428203364 0.018518518518518517 0.03343621399176955
0 0.5719038198138534 0.7591617547859363 0.016589506172839507 0.03755144032921811
0 0.4088591741760903 0.9788196902282376 0.02700617283950617 0.033950617283950615
0 0.5710737355221404 0.8616686255416108 0.022376543209876542 0.02880658436213992
0 0.5443269956954232 0.8626568774321014 0.029320987654320986 0.021604938271604937
