0 0.0615543275465289 0.2965356651342213 0.0663465735486687 0.07756410256410257
0 0.004815047560621334 0.3679623483664034 0.06023570493234395 0.05961538461538462
0 0.1612697527764397 0.321434258335143 0.0663465735486687 0.058653846153846154
0 0.10305534820339769 0.3281643121545195 0.046268005237887384 0.04551282051282051
0 0.08766834078368503 0.22365866435473375 0.04495853339153208 0.038461538461538464
0 0.16182766033674004 0.21701562014113035 0.04364906154517678 0.04423076923076923
0 0.27832923138069526 0.28698138703872056 0.054124836316019206 0.049679487179487176
0 0.3512742199417141 0.33007596420438967 0.046704495853339155 0.04326923076923077
0 0.42311943408501435 0.2855538599275279 0.06329113924050633 0.058653846153846154
0 0.47176826982133224 0.33524771464517006 0.05543430816237451 0.049679487179487176
0 0.5277866512982391 0.32796826928248013 0.06023570493234395 0.04551282051282051
0 0.30326910156547887 0.48921363292848086 0.05237887385421213 0.05352564102564102
0 0.23148124107043005 0.4985522713849831 0.04801396769969446 0.041346153846153845
0 0.19804858715107335 0.511800648465284 0.03841117415975556 0.04038461538461539
0 0.230843861963913 0.5541518860855515 0.04364906154517678 0.04935897435897436
0 0.37706049382250145 0.5558205942428989 0.04932343954604976 0.041666666666666664
0 0.44096074712606675 0.5492707256243208 0.060672195547795724 0.06762820512820512
0 0.48244062416849065 0.46580837886995213 0.04801396769969446 0.0516025641025641
0 0.06379657539152322 0.6529130777476428 0.031863814927979045 0.029166666666666667
0 0.005853982976674301 0.5660785756517724 0.03579223046704496 0.03108974358974359
0 0.4461052915020246 0.37536502454868625 0.06285464862505456 0.03173076923076923
0 0.05347115544813756 0.4009987854012571 0.05499781754692274 0.06474358974358975
0 0.45148649305766486 0.7270808254204221 0.06983849847228285 0.06923076923076923
0 0.15765394022397122 0.7161945120277603 0.04714098646879092 0.03076923076923077
0 0.11942772418869621 0.7246283153997239 0.030554343081623744 0.027564102564102563
0 0.19409670803574186 0.7529283523910956 0.046268005237887384 0.03782051282051282
0 0.16083795329188308 0.7814620032717343 0.029244871235268442 0.03333333333333333
0 0.21578134004111563 0.7933281613997862 0.04975993016150153 0.03397435897435897
0 0.29854301814916206 0.7723053938817762 0.034919249236141425 0.04038461538461539
0 0.3264053945817214 0.8404340756822372 0.05674378000872981 0.06346153846153846
0 0.2844930747801126 0.8659746312846326 0.04015713662156264 0.04358974358974359
0 0.5472928081322113 0.7412384407281454 0.055870798777826275 0.06794871794871794
0 0.5739279563930083 0.6962678279895609 0.07071147970318638 0.041666666666666664
0 0.3265052561314575 0.6694072370449261 0.06983849847228285 0.035256410256410256
0 0.32944065955895935 0.6981405888739453 0.058489742470536885 0.038461538461538464
0 0.3250777019714825 0.6304121350561649 0.06285464862505456 0.038461538461538464
0 0.5839742516411148 0.8084040425697551 0.05237887385421213 0.05737179487179487
0 0.6162269867573861 0.823783207376511 0.05499781754692274 0.05576923076923077
0 0.7009535858600033 0.8901953946029204 0.06154517677869926 0.04455128205128205
0 0.6361981199228628 0.9030293678562905 0.0392841553906591 0.03333333333333333
0 0.7379821144948648 0.9029947395040107 0.07071147970318638 0.06185897435897436
0 0.6155610815489283 0.9639619261683438 0.055870798777826275 0.05064102564102564
0 0.8588579227478743 0.7166648445099978 0.046704495853339155 0.040705128205128206
0 0.9944952418243972 0.6343655810312935 0.06110868616324749 0.027884615384615386
0 0.896276757635216 0.6241913641948122 0.04103011785246617 0.04583333333333333
0 0.9270356252835042 0.5985680104356229 0.036665211697948494 0.03365384615384615
0 0.8930656045295516 0.5633765347602656 0.04146660846791794 0.04519230769230769
0 0.9206463451969382 0.5359547143561506 0.044522042776080316 0.046153846153846156
0 0.8388218623385775 0.5552848251711975 0.0501964207769533 0.03942307692307692
0 0.7601618960563542 0.3286396821716563 0.09166302924487124 0.05448717948717949
0 0.8516326950255466 0.40459092421434095 0.06285464862505456 0.046794871794871795
0 0.882941113463119 0.505307534587933 0.06372762985595809 0.058333333333333334
0 0.8137951381200814 0.5039036536539239 0.06983849847228285 0.06025641025641026
0 0.7584996037192159 0.3848588522253953 0.08031427324312528 0.04807692307692308
0 0.7285877022697843 0.4519440234934442 0.07333042339589699 0.03076923076923077
0 0.6590911564473748 0.580222479522433 0.03317328677433435 0.03397435897435897
0 0.670204872827587 0.5558957659325051 0.04015713662156264 0.03333333333333333
