0 0.966796875 0.9557291666666666 0.046875 0.052083333333333336
0 0.95166015625 0.9225260416666666 0.0380859375 0.05859375
0 0.9921875 0.9186197916666666 0.015625 0.04296875
0 0.77978515625 0.724609375 0.0283203125 0.045572916666666664
0 0.74462890625 0.7213541666666666 0.0419921875 0.059895833333333336
0 0.7216796875 0.681640625 0.033203125 0.03515625
0 0.68310546875 0.7532552083333334 0.0302734375 0.06901041666666667
0 0.71484375 0.8040364583333334 0.04296875 0.07421875
0 0.71044921875 0.8802083333333334 0.0380859375 0.06770833333333333
0 0.7353515625 0.8854166666666666 0.03515625 0.06510416666666667
0 0.68212890625 0.8795572916666666 0.0263671875 0.06640625
0 0.63623046875 0.8912760416666666 0.0322265625 0.05859375
0 0.56640625 0.8489583333333334 0.033203125 0.0390625
0 0.576171875 0.7838541666666666 0.046875 0.0546875
0 0.6015625 0.7239583333333334 0.03515625 0.041666666666666664
0 0.66455078125 0.4993489583333333 0.0478515625 0.061197916666666664
0 0.6005859375 0.6061197916666666 0.05859375 0.07942708333333333
0 0.5634765625 0.5807291666666666 0.044921875 0.06510416666666667
0 0.53564453125 0.626953125 0.0556640625 0.07682291666666667
0 0.45849609375 0.6497395833333334 0.0498046875 0.078125
0 0.498046875 0.7571614583333334 0.052734375 0.07942708333333333
0 0.462890625 0.8255208333333334 0.05078125 0.0703125
0 0.35205078125 0.8235677083333334 0.0478515625 0.07942708333333333
0 0.37646484375 0.76171875 0.0537109375 0.0703125
0 0.25732421875 0.7819010416666666 0.0478515625 0.07161458333333333
0 0.3232421875 0.7291666666666666 0.044921875 0.07552083333333333
0 0.2529296875 0.6979166666666666 0.046875 0.0703125
0 0.23193359375 0.6393229166666666 0.0537109375 0.0703125
0 0.3310546875 0.66015625 0.060546875 0.08072916666666667
0 0.37744140625 0.6640625 0.0341796875 0.057291666666666664
0 0.36181640625 0.60546875 0.0419921875 0.0625
0 0.30615234375 0.5520833333333334 0.0224609375 0.07291666666666667
0 0.33251953125 0.544921875 0.0400390625 0.06640625
0 0.24658203125 0.5436197916666666 0.0498046875 0.08723958333333333
0 0.2353515625 0.4342447916666667 0.044921875 0.07161458333333333
0 0.02294921875 0.5950520833333334 0.0458984375 0.06770833333333333
0 0.02392578125 0.5475260416666666 0.0478515625 0.07161458333333333
0 0.04345703125 0.4264322916666667 0.0498046875 0.08203125
0 0.15234375 0.4134114583333333 0.044921875 0.05859375
0 0.44287109375 0.337890625 0.0537109375 0.08723958333333333
0 0.48779296875 0.3723958333333333 0.0400390625 0.07291666666666667
0 0.40087890625 0.19596354166666666 0.0615234375 0.07161458333333333
0 0.29296875 0.216796875 0.048828125 0.07942708333333333
0 0.36083984375 0.203125 0.0517578125 0.06510416666666667
0 0.22265625 0.21484375 0.046875 0.057291666666666664
0 0.216796875 0.2727864583333333 0.05078125 0.07682291666666667
0 0.177734375 0.32421875 0.03515625 0.049479166666666664
0 0.15087890625 0.3658854166666667 0.0380859375 0.0625
0 0.02392578125 0.3365885416666667 0.0478515625 0.08203125
0 0.09765625 0.2903645833333333 0.046875 0.08333333333333333
0 0.048828125 0.2779947916666667 0.0546875 0.08984375
0 0.0244140625 0.20442708333333334 0.048828125 0.08854166666666667
0 0.04296875 0.123046875 0.052734375 0.08463541666666667
0 0.07275390625 0.10286458333333333 0.0517578125 0.08333333333333333
0 0.12109375 0.12369791666666667 0.05078125 0.08072916666666667
0 0.17529296875 0.13932291666666666 0.0302734375 0.0625
0 0.15234375 0.12630208333333334 0.03125 0.06770833333333333
0 0.111328125 0.1953125 0.046875 0.08072916666666667
0 0.16357421875 0.07942708333333333 0.0517578125 0.049479166666666664
0 0.19921875 0.03125 0.05859375 0.0625
0 0.6376953125 0.17513020833333334 0.037109375 0.061197916666666664
0 0.61572265625 0.13411458333333334 0.0478515625 0.057291666666666664
0 0.50146484375 0.064453125 0.0498046875 0.07161458333333333
0 0.36767578125 0.119140625 0.0498046875 0.061197916666666664
0 0.40771484375 0.09114583333333333 0.0341796875 0.06770833333333333
