0 0.7352221385542169 0.6380522088353414 0.022778614457831324 0.04852744310575636
0 0.7299510542168675 0.5893574297188755 0.021649096385542167 0.03547523427041499
0 0.6838290662650602 0.6412315930388219 0.01901355421686747 0.029451137884872823
0 0.6966302710843374 0.6559571619812584 0.017884036144578314 0.03346720214190094
0 0.9163215361445783 0.02744310575635877 0.016001506024096387 0.0214190093708166
0 0.9068147590361446 0.016231593038821955 0.015060240963855422 0.025100401606425703
0 0.9098268072289156 0.03781793842034806 0.011295180722891566 0.015394912985274432
0 0.9047439759036144 0.053714859437751006 0.009036144578313253 0.020414993306559572
0 0.9471009036144579 0.2461512717536814 0.01355421686746988 0.029785809906291833
0 0.8025225903614458 0.13403614457831325 0.01581325301204819 0.025769745649263723
0 0.861351656626506 0.3768406961178046 0.012612951807228916 0.020080321285140562
0 0.8560805722891566 0.34421017402945114 0.012612951807228916 0.02643908969210174
0 0.9070030120481928 0.21586345381526104 0.009036144578313253 0.018072289156626505
