0 0.7407407407407407 0.08539094650205761 0.022376543209876542 0.029835390946502057
0 0.6554783950617284 0.061213991769547324 0.021604938271604937 0.026748971193415638
0 0.7415123456790124 0.23559670781893005 0.02700617283950617 0.033950617283950615
0 0.7191358024691358 0.24382716049382716 0.019290123456790122 0.027777777777777776
0 0.7442129629629629 0.29475308641975306 0.024691358024691357 0.024691358024691357
0 0.7191358024691358 0.3101851851851852 0.017746913580246913 0.024691358024691357
0 0.6701388888888888 0.24074074074074073 0.018518518518518517 0.027777777777777776
0 0.6539351851851852 0.27829218106995884 0.018518518518518517 0.024691358024691357
0 0.6485339506172839 0.29475308641975306 0.020061728395061727 0.01646090534979424
0 0.6369598765432098 0.26954732510288065 0.015432098765432098 0.03189300411522634
0 0.6300154320987654 0.29012345679012347 0.018518518518518517 0.029835390946502057
0 0.5150462962962963 0.20936213991769548 0.020061728395061727 0.02880658436213992
0 0.5081018518518519 0.29886831275720166 0.018518518518518517 0.030864197530864196
0 0.6014660493827161 0.3194444444444444 0.020061728395061727 0.03909465020576132
0 0.5030864197530864 0.15329218106995884 0.016203703703703703 0.0257201646090535
0 0.5725308641975309 0.14454732510288065 0.016203703703703703 0.026748971193415638
0 0.7600308641975309 0.38580246913580246 0.02546296296296296 0.023662551440329218
0 0.8364197530864198 0.46810699588477367 0.022376543209876542 0.029835390946502057
0 0.7889660493827161 0.4619341563786008 0.020061728395061727 0.03189300411522634
0 0.7982253086419753 0.4346707818930041 0.023148148148148147 0.02880658436213992
0 0.8395061728395061 0.345679012345679 0.016203703703703703 0.01954732510288066
0 0.652391975308642 0.4573045267489712 0.023148148148148147 0.02880658436213992
0 0.863233024691358 0.5174897119341564 0.025848765432098766 0.037037037037037035
0 0.8441358024691358 0.5192901234567902 0.017746913580246913 0.03137860082304527
0 0.8265817901234568 0.5262345679012346 0.019675925925925927 0.029835390946502057
0 0.8329475308641975 0.5563271604938271 0.017746913580246913 0.028292181069958847
0 0.8516589506172839 0.5614711934156379 0.017361111111111112 0.03137860082304527
0 0.7880015432098766 0.5174897119341564 0.02199074074074074 0.03497942386831276
0 0.7777777777777778 0.5961934156378601 0.023919753086419752 0.02880658436213992
0 0.7511574074074074 0.4418724279835391 0.017746913580246913 0.029835390946502057
0 0.6745756172839507 0.5763888888888888 0.024305555555555556 0.028292181069958847
0 0.6514274691358025 0.6077674897119342 0.02044753086419753 0.02726337448559671
0 0.8179012345679012 0.6319444444444444 0.018518518518518517 0.03343621399176955
0 0.84375 0.6885288065843621 0.027777777777777776 0.02726337448559671
0 0.7920524691358025 0.7191358024691358 0.016975308641975308 0.024691358024691357
0 0.8244598765432098 0.7829218106995884 0.021604938271604937 0.030864197530864196
0 0.7974537037037037 0.8256172839506173 0.023148148148148147 0.040123456790123455
0 0.7770061728395061 0.8703703703703703 0.022376543209876542 0.03292181069958848
0 0.7569444444444444 0.8935185185185185 0.017746913580246913 0.03189300411522634
0 0.847608024691358 0.904835390946502 0.020061728395061727 0.0360082304526749
0 0.7762345679012346 0.948045267489712 0.02854938271604938 0.0360082304526749
0 0.7457561728395061 0.948045267489712 0.027777777777777776 0.033950617283950615
0 0.6697530864197531 0.9830246913580247 0.02546296296296296 0.033950617283950615
