0 0.2436611331829661 0.42342492777398155 0.016589506172839507 0.02417695473251029
0 0.26993118644133834 0.43687285809299803 0.018518518518518517 0.026748971193415638
0 0.2199490278559894 0.6510617425904746 0.020833333333333332 0.033950617283950615
0 0.1829362456166157 0.7461237691234837 0.015432098765432098 0.03189300411522634
0 0.35829569276099416 0.8918316559711237 0.02044753086419753 0.03446502057613169
0 0.1354109407979569 0.6252282414736954 0.02044753086419753 0.02726337448559671
0 0.21644652283270224 0.751403736079547 0.02044753086419753 0.03189300411522634
0 0.39071781099726244 0.9107561654928213 0.020833333333333332 0.03652263374485597
0 0.41819831771774757 0.9111462530695691 0.023919753086419752 0.03446502057613169
0 0.1905350341577568 0.4530510049794721 0.018518518518518517 0.028292181069958847
0 0.19551557560405006 0.29225123031270506 0.018518518518518517 0.02880658436213992
0 0.22199327662186535 0.5726297769241766 0.023919753086419752 0.029835390946502057
0 0.24259858732549527 0.5771578421933421 0.020833333333333332 0.02880658436213992
0 0.2559216278335164 0.5589206024927924 0.022376543209876542 0.027777777777777776
0 0.23490824858845114 0.48427774454449063 0.020833333333333332 0.02263374485596708
0 0.3547354981355801 0.4311220906422207 0.019290123456790122 0.03292181069958848
0 0.1417822123607583 0.35212973369113393 0.018518518518518517 0.026748971193415638
0 0.17789801456819557 0.34587198497227534 0.016203703703703703 0.01646090534979424
0 0.4477670367753385 0.34860869421670054 0.018518518518518517 0.026748971193415638
0 0.46889664680328264 0.3848622415579691 0.016975308641975308 0.01748971193415638
0 0.3075884762386326 0.5079930430930729 0.017746913580246913 0.03292181069958848
0 0.38064111815775875 0.24991271196865222 0.013117283950617283 0.02880658436213992
0 0.3458410360745165 0.551541715952786 0.018518518518518517 0.03189300411522634
0 0.2647894205822404 0.7764201295481163 0.014660493827160493 0.02109053497942387
0 0.29275254435114745 0.718575250979426 0.02816358024691358 0.023148148148148147
0 0.2561855354783739 0.8008664783410985 0.018518518518518517 0.035493827160493825
0 0.18748625740252486 0.8863142794332362 0.020061728395061727 0.035493827160493825
0 0.2286129195533345 0.914136808199605 0.022762345679012346 0.028292181069958847
0 0.18045337906956185 0.6992210047368983 0.02507716049382716 0.03189300411522634
0 0.4490320635321939 0.686334945348022 0.02700617283950617 0.04218106995884774
0 0.21239003038870144 0.727378885246398 0.017746913580246913 0.030864197530864196
