0 0.052693635786639034 0.5517311160377767 0.019230769230769232 0.0506155950752394
0 0.14119163894595815 0.4577064227305689 0.02846153846153846 0.0506155950752394
0 0.18399242060086396 0.4801045991449963 0.026923076923076925 0.06703146374829001
0 0.19111322179714238 0.3898633765749785 0.025384615384615384 0.04377564979480164
0 0.23234693646828056 0.31988328824908574 0.025384615384615384 0.047879616963064295
0 0.09432207331994216 0.46791899497294026 0.026153846153846153 0.04514363885088919
0 0.2803336179314958 0.3938230714162351 0.02846153846153846 0.0533515731874145
0 0.3581361165737441 0.3913405061432358 0.03076923076923077 0.0560875512995896
0 0.5138328068404249 0.04192457118546199 0.027692307692307693 0.06155950752393981
0 0.6480218892390253 0.1529355165972939 0.02846153846153846 0.05198358413132695
0 0.622927222347528 0.19054863633516433 0.02846153846153846 0.06429548563611491
0 0.4801101909499406 0.19660026296058833 0.03 0.0506155950752394
0 0.5370966210287618 0.22575814245448209 0.03538461538461538 0.057455540355677154
0 0.5335054023464217 0.27762377147695183 0.03230769230769231 0.058823529411764705
0 0.5596306430549617 0.2705448625129375 0.02923076923076923 0.05471956224350205
0 0.5063505791239433 0.33077891027387524 0.03230769230769231 0.0506155950752394
0 0.4862144910191435 0.3672498460301603 0.03076923076923077 0.06976744186046512
0 0.4746484153384802 0.3206794767551614 0.026153846153846153 0.047879616963064295
0 0.44715310623513593 0.3331141497540063 0.02846153846153846 0.047879616963064295
0 0.5441614682563987 0.3227590681039663 0.03 0.049247606019151846
0 0.57956900688656 0.3456399882707467 0.033846153846153845 0.04240766073871409
0 0.6368019816389879 0.32083772586495385 0.03461538461538462 0.046511627906976744
0 0.5303348036811057 0.4593759884778295 0.02923076923076923 0.047879616963064295
0 0.3363799814258482 0.7525066471989978 0.025384615384615384 0.06839945280437756
0 0.3128008528272665 0.8809713211384957 0.024615384615384615 0.049247606019151846
0 0.32537900435721595 0.8554197435320997 0.019230769230769232 0.03556771545827633
0 0.32149612019441526 0.9241708263708986 0.026153846153846153 0.05471956224350205
0 0.30456022750334183 0.9431393973747076 0.024615384615384615 0.046511627906976744
0 0.3798294298036283 0.7481751120368956 0.024615384615384615 0.04240766073871409
0 0.37917065560320445 0.7899215696270396 0.02 0.0506155950752394
0 0.3750126213214909 0.8249933827238887 0.019230769230769232 0.049247606019151846
0 0.35947071157387217 0.8291039291966885 0.01769230769230769 0.0533515731874145
0 0.41955500536895357 0.6284059325714757 0.022307692307692306 0.0533515731874145
0 0.3804467827907496 0.6898851978944441 0.027692307692307693 0.049247606019151846
0 0.5566937732952562 0.46943289270345784 0.03076923076923077 0.08481532147742818
0 0.5134275164353385 0.5659839711232751 0.027692307692307693 0.07113543091655267
0 0.543014295605417 0.569567481631299 0.024615384615384615 0.06703146374829001
0 0.57300590511521 0.5443022133867649 0.027692307692307693 0.060191518467852256
0 0.5422221415906402 0.653310756184901 0.02846153846153846 0.049247606019151846
0 0.4989751083827173 0.6432179019707244 0.023846153846153847 0.06155950752393981
0 0.49265557737566085 0.5580886633667607 0.016153846153846154 0.07250341997264022
0 0.49993935513470267 0.5901004760816867 0.02 0.04240766073871409
0 0.511547843331773 0.7298247425157579 0.024615384615384615 0.0533515731874145
0 0.6155167382769977 0.4508961939350415 0.026153846153846153 0.0560875512995896
0 0.6044255195946576 0.47965991410142833 0.027692307692307693 0.08344733242134063
0 0.6290288141262839 0.41727742848045124 0.03 0.057455540355677154
0 0.6442073147474907 0.4585591173125166 0.03 0.05198358413132695
0 0.6173148258759287 0.6164894809407193 0.03307692307692308 0.058823529411764705
0 0.6479008651272969 0.6190469996566774 0.03230769230769231 0.03556771545827633
0 0.6362088088193834 0.6555359104072367 0.026923076923076925 0.06155950752393981
0 0.6924479400714154 0.5196012216420798 0.03769230769230769 0.049247606019151846
0 0.7191333228764644 0.2789535752523408 0.023846153846153847 0.06566347469220246
0 0.7393145317881181 0.2795573275794132 0.021538461538461538 0.0560875512995896
0 0.7498251277999838 0.22848530596996972 0.036153846153846154 0.04377564979480164
0 0.8173645664070777 0.29972506101349233 0.036153846153846154 0.04377564979480164
0 0.8137457335825359 0.3405617190010906 0.025384615384615384 0.0506155950752394
0 0.8733544446950559 0.27382972322373694 0.03076923076923077 0.046511627906976744
0 0.8460073137802697 0.32639250538332487 0.024615384615384615 0.06429548563611491
0 0.8094681265575701 0.42314483457883295 0.023846153846153847 0.057455540355677154
0 0.8751626397715364 0.4244062642158003 0.026153846153846153 0.058823529411764705
0 0.817112605152577 0.4658436210646087 0.03461538461538462 0.03556771545827633
0 0.8136079284903934 0.5713273947227432 0.02923076923076923 0.06976744186046512
0 0.8125497405311489 0.5297642129140155 0.026153846153846153 0.0560875512995896
0 0.8381809005893711 0.5539951471426094 0.023076923076923078 0.06155950752393981
0 0.7215295398105219 0.4929008807495612 0.03076923076923077 0.04377564979480164
0 0.897539367434733 0.5206920617338922 0.024615384615384615 0.060191518467852256
0 0.764876196425464 0.7714264554060835 0.024615384615384615 0.058823529411764705
0 0.9289259511910852 0.5571792095651139 0.026153846153846153 0.0560875512995896
0 0.9507688939780038 0.5355417440410265 0.025384615384615384 0.06839945280437756
0 0.976925448422297 0.5600230376429339 0.033846153846153845 0.04240766073871409
0 0.9346887740763177 0.6104978862298422 0.024615384615384615 0.03556771545827633
0 0.8522580750506883 0.6698598472961199 0.023846153846153847 0.049247606019151846
0 0.8392528956197164 0.6010728144687727 0.024615384615384615 0.05471956224350205
0 0.5886935503798062 0.9223095160464332 0.023846153846153847 0.0506155950752394
0 0.6937502300326859 0.8491940015228457 0.026923076923076925 0.0506155950752394
0 0.7234602815395679 0.8257974410810263 0.02846153846153846 0.03556771545827633
