0 0.20153375882538585 0.9596652585850456 0.066 0.09627329192546584
0 0.290035645604405 0.7726137385189895 0.056 0.09627329192546584
0 0.4784740658628973 0.7278399929545158 0.064 0.10403726708074534
0 0.468516062413412 0.8007922193649009 0.053 0.11180124223602485
0 0.46696831300177105 0.8665423654634622 0.05 0.09937888198757763
0 0.5124753545569329 0.8581060103363005 0.052 0.09316770186335403
0 0.3816882137400695 0.9875525903626342 0.05 0.08618012422360248
0 0.3541648107290038 0.8801609274638341 0.061 0.08074534161490683
0 0.3920641571295791 0.8292198099780598 0.063 0.07763975155279502
0 0.40601992849551916 0.8768816413160304 0.053 0.07608695652173914
0 0.3370961894323342 0.5377239575063043 0.051 0.09472049689440994
0 0.5033984030110656 0.5612375856742671 0.06 0.08074534161490683
0 0.5456637748154254 0.5163200165186151 0.062 0.08385093167701864
0 0.4685945554337723 0.4806784109629186 0.04 0.09627329192546584
0 0.5076374953737965 0.469192208607282 0.046 0.09316770186335403
0 0.5489435750346352 0.4492251104762892 0.045 0.07763975155279502
0 0.5245416512459885 0.3955536665166054 0.059 0.09316770186335403
0 0.4888205080756888 0.43202841296031463 0.053 0.06677018633540373
0 0.311574719462322 0.5319883244521144 0.048 0.08229813664596274
0 0.22913724259333929 0.6013716164546441 0.053 0.06987577639751552
0 0.27666704281254906 0.6189323753733783 0.044 0.07763975155279502
0 0.20290295970222513 0.6688064465447254 0.03 0.05745341614906832
0 0.18557764215491965 0.6647759007752457 0.033 0.06366459627329192
0 0.01702061910457144 0.6194796020631536 0.045 0.08229813664596274
0 0.24268705143626249 0.32391672969583557 0.0395 0.06832298136645963
0 0.27704457393858617 0.2958968746415712 0.05 0.07142857142857142
0 0.28581973733844235 0.34354663730203966 0.0465 0.07453416149068323
0 0.3614881489732213 0.31303782932390883 0.048 0.09472049689440994
0 0.6776666049839541 0.23430789464052998 0.044 0.06677018633540373
0 0.7495132198490085 0.17785398138832578 0.0515 0.06677018633540373
0 0.7352141817433319 0.15399196051013156 0.0535 0.049689440993788817
0 0.7096850258711399 0.21112982214229645 0.0435 0.06444099378881987
0 0.7339768497693915 0.22790584892981483 0.044 0.08152173913043478
0 0.8091584011249849 0.18365505865332396 0.0445 0.08307453416149069
0 0.8118492723813201 0.24645054018194446 0.049 0.07298136645962733
0 0.9354800252424463 0.32225701363365084 0.065 0.10326086956521739
0 0.9380579201778232 0.42850871788358696 0.062 0.09704968944099379
0 0.8567721944452241 0.38538271783285544 0.0615 0.07531055900621118
