0 0.2963636363636364 0.8454081632653061 0.02303030303030303 0.03979591836734694
0 0.31727272727272726 0.8418367346938775 0.016363636363636365 0.04081632653061224
0 0.506969696969697 0.7326530612244898 0.018787878787878787 0.03469387755102041
0 0.5187878787878788 0.638265306122449 0.019393939393939394 0.0336734693877551
0 0.49787878787878787 0.6295918367346939 0.022424242424242423 0.03877551020408163
0 0.5078787878787879 0.6489795918367347 0.014545454545454545 0.026530612244897958
0 0.753030303030303 0.5938775510204082 0.022424242424242423 0.04285714285714286
0 0.8478787878787879 0.6607142857142857 0.020606060606060607 0.03979591836734694
0 0.6812121212121212 0.7091836734693877 0.019393939393939394 0.03877551020408163
0 0.8348484848484848 0.6530612244897959 0.02484848484848485 0.030612244897959183
0 0.6909090909090909 0.7862244897959184 0.01575757575757576 0.03163265306122449
0 0.7066666666666667 0.7994897959183673 0.01696969696969697 0.03775510204081633
0 0.7512121212121212 0.7714285714285715 0.015151515151515152 0.024489795918367346
0 0.7606060606060606 0.7954081632653062 0.019393939393939394 0.0336734693877551
0 0.7418181818181818 0.7852040816326531 0.014545454545454545 0.025510204081632654
0 0.7054545454545454 0.48520408163265305 0.02303030303030303 0.04591836734693878
0 0.6815151515151515 0.4229591836734694 0.021212121212121213 0.058163265306122446
0 0.7736363636363637 0.32193877551020406 0.02 0.04387755102040816
0 0.9445454545454546 0.4270408163265306 0.022424242424242423 0.04387755102040816
0 0.8572727272727273 0.3224489795918367 0.02727272727272727 0.053061224489795916
0 0.8472727272727273 0.2836734693877551 0.02303030303030303 0.04081632653061224
0 0.8327272727272728 0.1653061224489796 0.024242424242424242 0.05510204081632653
0 0.8127272727272727 0.21989795918367347 0.02181818181818182 0.03979591836734694
0 0.7263636363636363 0.14489795918367346 0.021212121212121213 0.04081632653061224
0 0.7084848484848485 0.14438775510204083 0.01575757575757576 0.04795918367346939
0 0.8115151515151515 0.05612244897959184 0.024242424242424242 0.04693877551020408
0 0.61 0.22142857142857142 0.03333333333333333 0.03877551020408163
0 0.6890909090909091 0.3704081632653061 0.025454545454545455 0.053061224489795916
0 0.5503030303030303 0.09948979591836735 0.02181818181818182 0.04387755102040816
0 0.5024242424242424 0.10918367346938776 0.01696969696969697 0.04081632653061224
0 0.41393939393939394 0.37295918367346936 0.019393939393939394 0.03571428571428571
0 0.38151515151515153 0.20408163265306123 0.018787878787878787 0.036734693877551024
0 0.36272727272727273 0.1719387755102041 0.017575757575757574 0.04591836734693878
0 0.5663636363636364 0.28520408163265304 0.013939393939393939 0.03163265306122449
0 0.2412121212121212 0.04591836734693878 0.01575757575757576 0.0326530612244898
0 0.22757575757575757 0.034183673469387756 0.017575757575757574 0.027551020408163266
