0 0.19223625461639574 0.17916777049712554 0.020061728395061727 0.026748971193415638
0 0.13050305665661094 0.25728006900273176 0.017361111111111112 0.03446502057613169
0 0.1846912400539644 0.39168157734742626 0.019675925925925927 0.026748971193415638
0 0.20479352314289778 0.39283832184637907 0.02044753086419753 0.03806584362139918
0 0.17186131922983522 0.2468258069328963 0.016589506172839507 0.02726337448559671
0 0.2686163631565007 0.34578641285113504 0.015046296296296295 0.016975308641975308
0 0.23798439644873087 0.35837824928631395 0.01427469135802469 0.018518518518518517
0 0.26226175545190983 0.3774073712720711 0.02044753086419753 0.02726337448559671
0 0.3098541867534553 0.34225565497035354 0.013503086419753086 0.03292181069958848
0 0.2990868390127884 0.35648418070998544 0.015046296296296295 0.021604938271604937
0 0.2049994129196404 0.4473261495974945 0.024691358024691357 0.02263374485596708
0 0.2252479788498542 0.44213347704925776 0.016589506172839507 0.028292181069958847
0 0.21412401955510998 0.5501886494432359 0.01890432098765432 0.03497942386831276
0 0.2334376341895449 0.5587833014234237 0.02199074074074074 0.029320987654320986
0 0.24824020266459498 0.5420424430725699 0.016975308641975308 0.030349794238683128
0 0.29814509609358936 0.4757084955530902 0.02199074074074074 0.026234567901234566
0 0.30754136066400417 0.45214074935757986 0.018132716049382717 0.030864197530864196
0 0.20304482314762828 0.6573183907128948 0.01890432098765432 0.0360082304526749
0 0.1752085660164089 0.6974571768338874 0.015432098765432098 0.028292181069958847
0 0.1743295106440424 0.7566410771799611 0.018132716049382717 0.033950617283950615
0 0.23660036043231825 0.6962313377357876 0.020833333333333332 0.037037037037037035
0 0.34137389165905097 0.5739979127023974 0.023148148148148147 0.0360082304526749
0 0.33704004154269124 0.5372403433837505 0.018518518518518517 0.02417695473251029
0 0.11472302916256091 0.6189858046648419 0.018132716049382717 0.03497942386831276
0 0.19746009809462275 0.7905115556415075 0.015817901234567902 0.030864197530864196
0 0.1956630217233654 0.746752332036766 0.016975308641975308 0.024691358024691357
0 0.2117540724369014 0.7432751617984773 0.016589506172839507 0.0257201646090535
0 0.2128533644528694 0.7715340325728792 0.016589506172839507 0.030864197530864196
0 0.2771072670042116 0.7532553976442183 0.022762345679012346 0.02417695473251029
0 0.3220535829245205 0.37711619642196914 0.019290123456790122 0.03343621399176955
0 0.34150655555747694 0.37728782594691934 0.017361111111111112 0.03292181069958848
0 0.4375917452425521 0.282829041774819 0.021604938271604937 0.03446502057613169
0 0.44846853214267784 0.32286560062689296 0.017361111111111112 0.029835390946502057
0 0.46172331858579163 0.33701531336102974 0.02044753086419753 0.02263374485596708
0 0.5053762518462337 0.4620043991688719 0.016975308641975308 0.023662551440329218
0 0.2690860273587621 0.6153895743840709 0.015817901234567902 0.03189300411522634
0 0.3655714995991707 0.6622873019416972 0.021219135802469136 0.0360082304526749
0 0.2546898051384613 0.8254556804888996 0.017746913580246913 0.02880658436213992
0 0.25096756065291365 0.9001928583993508 0.027777777777777776 0.03189300411522634
0 0.30658938154801274 0.8763825769801645 0.018518518518518517 0.03189300411522634
0 0.3462790591510289 0.9824452533538378 0.023148148148148147 0.03806584362139918
0 0.18301490479366855 0.9572546913367352 0.018518518518518517 0.0360082304526749
0 0.3801243122495728 0.9433235666854956 0.026234567901234566 0.029835390946502057
0 0.5199393363894425 0.8392578014708385 0.03009259259259259 0.023662551440329218
0 0.4343702113803493 0.7296073350005188 0.019675925925925927 0.03960905349794239
