0 0.4430042648054295 0.3121675376383211 0.043333333333333335 0.09
0 0.49014528095680704 0.3092877281667044 0.051666666666666666 0.065
0 0.435555293502914 0.4287137709750889 0.04583333333333333 0.08375
0 0.5091127039878646 0.424965971461077 0.045 0.08
0 0.47155795515113785 0.40712443351257377 0.04083333333333333 0.07625
0 0.5019914395477848 0.3761803320546094 0.043333333333333335 0.075
0 0.5013901991520966 0.26350669398203325 0.04416666666666667 0.06125
0 0.47395804557956156 0.2559349835384403 0.035833333333333335 0.05875
0 0.39144122784958124 0.19062511565508608 0.05 0.08
0 0.47651064659289544 0.10408988474825889 0.043333333333333335 0.045
0 0.5875797930031159 0.015916632044306097 0.0425 0.03375
0 0.5508295360907005 0.04456185648334823 0.041666666666666664 0.03625
0 0.5376749085237538 0.20868860220766144 0.04583333333333333 0.075
0 0.5391212181780453 0.16917399267400832 0.045 0.06625
0 0.654156713707627 0.11645585542346908 0.04416666666666667 0.08125
0 0.6795383832488647 0.08930061510706161 0.04 0.08
0 0.7370442512114997 0.11870084170203214 0.043333333333333335 0.065
0 0.734259269506749 0.1857414832644281 0.0475 0.085
0 0.8838431012442353 0.12280880430155335 0.034166666666666665 0.08125
0 0.7096233351600819 0.2967748990538903 0.043333333333333335 0.08875
0 0.773988171550661 0.2826010220349682 0.056666666666666664 0.09
0 0.9006494686588457 0.2541807521197585 0.045 0.06625
0 0.8618855849101829 0.23129214070418933 0.03666666666666667 0.06375
0 0.9025423603005224 0.22299146013341084 0.0425 0.075
0 0.5847486537552099 0.5544344709492224 0.050833333333333335 0.08
0 0.6399657890324957 0.5411674451142523 0.03833333333333333 0.0725
0 0.609318889497805 0.5051546391324554 0.03666666666666667 0.07875
0 0.6621476702719371 0.4893487521559283 0.04583333333333333 0.08875
0 0.7379598902285045 0.5066430123875455 0.03833333333333333 0.075
0 0.7012585141901807 0.5606910724071867 0.04 0.06875
0 0.5665889443835529 0.642748944054373 0.0425 0.0725
0 0.6175397911763674 0.6619099919604811 0.0475 0.09
0 0.8165621736945328 0.5234685226191625 0.04416666666666667 0.0725
0 0.7465760574431957 0.34537884605005864 0.0425 0.09
0 0.7691628694240338 0.44805849596215563 0.041666666666666664 0.08625
0 0.9824945533381271 0.3979367061317364 0.04833333333333333 0.0925
0 0.5995176347292612 0.7457911733532964 0.043333333333333335 0.0925
0 0.5695756053010772 0.7963935210474287 0.0475 0.0775
0 0.657629537138523 0.7584988977923385 0.0475 0.0925
0 0.785021324027147 0.6142411286629959 0.03833333333333333 0.08
0 0.7486986835487436 0.6333641208613193 0.035 0.07125
