0 0.0575 0.23680124223602483 0.066 0.09627329192546584
0 0.2105 0.3734472049689441 0.056 0.09627329192546584
0 0.3845 0.2562111801242236 0.064 0.10403726708074534
0 0.345 0.18090062111801242 0.053 0.11180124223602485
0 0.3155 0.1063664596273292 0.05 0.09937888198757763
0 0.3565 0.07531055900621118 0.052 0.09316770186335403
0 0.1935 0.04309006211180124 0.05 0.08618012422360248
0 0.217 0.19177018633540371 0.061 0.08074534161490683
0 0.27 0.21661490683229814 0.063 0.07763975155279502
0 0.261 0.14906832298136646 0.053 0.07608695652173914
0 0.35 0.6024844720496895 0.051 0.09472049689440994
0 0.4765 0.42624223602484473 0.06 0.08074534161490683
0 0.5305 0.44021739130434784 0.062 0.08385093167701864
0 0.4825 0.5504658385093167 0.04 0.09627329192546584
0 0.5195 0.5287267080745341 0.046 0.09316770186335403
0 0.562 0.514751552795031 0.045 0.07763975155279502
0 0.565 0.5986024844720497 0.059 0.09316770186335403
0 0.52 0.5885093167701864 0.053 0.06677018633540373
0 0.3315 0.6319875776397516 0.048 0.08229813664596274
0 0.234 0.6257763975155279 0.053 0.06987577639751552
0 0.2655 0.562888198757764 0.044 0.07763975155279502
0 0.1835 0.5714285714285714 0.03 0.05745341614906832
0 0.171 0.5916149068322981 0.033 0.06366459627329192
0 0.052 0.7950310559006211 0.045 0.08229813664596274
0 0.36425 0.9340062111801242 0.0395 0.06832298136645963
0 0.4045 0.9355590062111802 0.05 0.07142857142857142
0 0.39125 0.8726708074534162 0.0465 0.07453416149068323
0 0.4665 0.8400621118012422 0.048 0.09472049689440994
0 0.76 0.6475155279503105 0.044 0.06677018633540373
0 0.84325 0.6482919254658385 0.0515 0.06677018633540373
0 0.84175 0.6886645962732919 0.0535 0.049689440993788817
0 0.79625 0.6455745341614907 0.0435 0.06444099378881987
0 0.809 0.6044254658385093 0.044 0.08152173913043478
0 0.88975 0.5881211180124224 0.0445 0.08307453416149069
0 0.865 0.5131987577639752 0.049 0.07298136645962733
0 0.934 0.31482919254658387 0.065 0.10326086956521739
0 0.8905 0.18982919254658384 0.062 0.09704968944099379
0 0.84225 0.3125 0.0615 0.07531055900621118
