0 0.17592592592592593 0.793724279835391 0.016975308641975308 0.027777777777777776
0 0.31983024691358025 0.779320987654321 0.013117283950617283 0.027777777777777776
0 0.33526234567901236 0.7443415637860082 0.016203703703703703 0.023662551440329218
0 0.33487654320987653 0.7623456790123457 0.018518518518518517 0.01646090534979424
0 0.22608024691358025 0.6286008230452675 0.024691358024691357 0.026748971193415638
0 0.23919753086419754 0.6075102880658436 0.020061728395061727 0.0257201646090535
0 0.13117283950617284 0.6363168724279835 0.021604938271604937 0.0257201646090535
0 0.1867283950617284 0.5416666666666666 0.016975308641975308 0.03189300411522634
0 0.13117283950617284 0.5190329218106996 0.016975308641975308 0.0257201646090535
0 0.1095679012345679 0.4696502057613169 0.018518518518518517 0.03189300411522634
0 0.13078703703703703 0.4609053497942387 0.014660493827160493 0.03292181069958848
0 0.14506172839506173 0.4537037037037037 0.016975308641975308 0.030864197530864196
0 0.33217592592592593 0.5174897119341564 0.019290123456790122 0.03292181069958848
0 0.5146604938271605 0.6707818930041153 0.018518518518518517 0.026748971193415638
0 0.5216049382716049 0.6496913580246914 0.020061728395061727 0.01954732510288066
0 0.19984567901234568 0.48302469135802467 0.021604938271604937 0.03806584362139918
0 0.31905864197530864 0.42592592592592593 0.017746913580246913 0.030864197530864196
0 0.5227623456790124 0.7098765432098766 0.019290123456790122 0.030864197530864196
0 0.11342592592592593 0.4218106995884774 0.014660493827160493 0.030864197530864196
0 0.13271604938271606 0.43004115226337447 0.016203703703703703 0.026748971193415638
0 0.20910493827160495 0.4058641975308642 0.023919753086419752 0.0257201646090535
0 0.2658179012345679 0.38940329218106995 0.021604938271604937 0.029835390946502057
0 0.44907407407407407 0.2463991769547325 0.017746913580246913 0.0257201646090535
0 0.35455246913580246 0.2345679012345679 0.016975308641975308 0.026748971193415638
0 0.7044753086419753 0.2366255144032922 0.019290123456790122 0.024691358024691357
0 0.5362654320987654 0.42849794238683125 0.014660493827160493 0.023662551440329218
0 0.040123456790123455 0.2993827160493827 0.017746913580246913 0.03292181069958848
0 0.12268518518518519 0.2932098765432099 0.023919753086419752 0.030864197530864196
