0 0.02133954054004228 0.34900810285478706 0.0615234375 0.07682291666666667
0 0.09638338891728682 0.840022780434631 0.0458984375 0.10807291666666667
0 0.21637032591803668 0.643162408607784 0.0732421875 0.109375
0 0.2594182462387708 0.5303377388153682 0.06640625 0.08854166666666667
0 0.29422048781474397 0.5599288229845303 0.0634765625 0.10807291666666667
0 0.2120224249528423 0.556298444770458 0.0625 0.07291666666666667
0 0.26033190843600096 0.676979001277445 0.0654296875 0.08072916666666667
0 0.26299774703368023 0.8042292418053899 0.064453125 0.12239583333333333
0 0.32621951691915957 0.8382544985868275 0.052734375 0.10677083333333333
0 0.43068536647904127 0.5638830440449102 0.07421875 0.11458333333333333
0 0.4278070060134726 0.49994408861976014 0.068359375 0.07552083333333333
0 0.5648418532290425 0.4388083456661676 0.064453125 0.12369791666666667
0 0.5284511470666168 0.568309276337326 0.0625 0.11197916666666667
0 0.5854467017694615 0.5514973717385238 0.064453125 0.078125
0 0.534897097847305 0.7212163953443129 0.060546875 0.10677083333333333
0 0.7412440616032951 0.4503584622949111 0.078125 0.17838541666666666
0 0.6202621123154938 0.8389313683413202 0.0537109375 0.11197916666666667
0 0.6599283793929642 0.8016304382410208 0.052734375 0.10807291666666667
0 0.7213103303368269 0.8288026485109814 0.05859375 0.11458333333333333
0 0.7990631189816639 0.40810460566167756 0.0634765625 0.11458333333333333
0 0.8464524009603308 0.7610350478233568 0.0625 0.07552083333333333
