0 0.1324648377100596 0.26438262474083585 0.015432098765432098 0.037037037037037035
0 0.1334768234195297 0.22350982908474035 0.020061728395061727 0.032407407407407406
0 0.17673961279810624 0.1958489449982961 0.020061728395061727 0.026748971193415638
0 0.19246699389546726 0.17661422028357734 0.021604938271604937 0.02263374485596708
0 0.19196101888873934 0.3976679432804492 0.024691358024691357 0.03755144032921811
0 0.21070149633754545 0.4280871397751637 0.019675925925925927 0.021604938271604937
0 0.24844718432734408 0.3604216813152931 0.017746913580246913 0.021604938271604937
0 0.21404029104132324 0.3889870562706663 0.021604938271604937 0.03343621399176955
0 0.2128598896376119 0.4510758508127431 0.02546296296296296 0.02109053497942387
0 0.23746579686183034 0.44668676768142557 0.019675925925925927 0.03189300411522634
0 0.2782582110541868 0.38142779236470076 0.019675925925925927 0.024691358024691357
0 0.29637793856139477 0.36926116490140515 0.017746913580246913 0.0257201646090535
0 0.31005586833680704 0.3524950811875489 0.018518518518518517 0.032407407407407406
0 0.4271894254427443 0.2917277239279448 0.014660493827160493 0.03189300411522634
0 0.43288557838057223 0.32803057380409406 0.01273148148148148 0.028292181069958847
0 0.3359212001037917 0.37416266259954 0.022376543209876542 0.03446502057613169
0 0.3574393292502397 0.383733196430052 0.019290123456790122 0.032407407407407406
0 0.3810780136522505 0.41929147783051074 0.018132716049382717 0.024691358024691357
0 0.3794457751825232 0.44638618208186 0.02199074074074074 0.02726337448559671
0 0.3692465928140757 0.15071283777432493 0.017746913580246913 0.032407407407407406
0 0.3751914096905451 0.12534715406421415 0.010802469135802469 0.02109053497942387
0 0.39078314380143453 0.1299761207853892 0.01273148148148148 0.025205761316872428
0 0.24065386978827344 0.5559011585823898 0.02353395061728395 0.03292181069958848
0 0.2604358878236103 0.5614623155435294 0.018132716049382717 0.02263374485596708
0 0.2619476873170679 0.5412911154812341 0.018132716049382717 0.02880658436213992
0 0.14726001985702403 0.6179950787663181 0.02044753086419753 0.032407407407407406
0 0.3700385107952973 0.5311425170581302 0.020061728395061727 0.026748971193415638
0 0.23904525571552976 0.6545524786547395 0.023148148148148147 0.0411522633744856
0 0.21105900473098008 0.6856000128422659 0.02700617283950617 0.03292181069958848
0 0.12735398505270634 0.7114273527363045 0.020061728395061727 0.03806584362139918
0 0.21283394824927665 0.7442258182857989 0.018518518518518517 0.03806584362139918
0 0.229167732421377 0.7346219741597302 0.013888888888888888 0.037037037037037035
0 0.24714810193006348 0.7308783691516721 0.021604938271604937 0.029835390946502057
0 0.24982844186707828 0.75970209394426 0.020061728395061727 0.029835390946502057
0 0.2703773594659549 0.6939890620934922 0.026234567901234566 0.044238683127572016
0 0.37506643425489655 0.5679597702264605 0.017361111111111112 0.03343621399176955
0 0.4196320527388179 0.5865175176219415 0.015046296296296295 0.02726337448559671
0 0.351581951899607 0.5857411422933884 0.015817901234567902 0.02880658436213992
0 0.5277605810422121 0.46585928694374207 0.015817901234567902 0.02726337448559671
0 0.45166018286183207 0.3400100647857851 0.019290123456790122 0.01954732510288066
0 0.23624696270894993 0.7766909208175259 0.020061728395061727 0.03292181069958848
0 0.30961841383366406 0.75169058460383 0.023919753086419752 0.030864197530864196
0 0.39824970379818025 0.6605938880782637 0.024305555555555556 0.03446502057613169
0 0.28408176350705766 0.8141153937974924 0.023148148148148147 0.03292181069958848
0 0.2540183618295236 0.8393371473536887 0.016975308641975308 0.025205761316872428
0 0.29171942015139846 0.8801077157408654 0.020061728395061727 0.026748971193415638
0 0.16463488313032842 0.9559601128910586 0.022376543209876542 0.03292181069958848
0 0.2364087199991098 0.9684225079689527 0.024691358024691357 0.03497942386831276
0 0.3237229672107613 0.9056628323148289 0.023148148148148147 0.03137860082304527
0 0.3411597544108796 0.9397585279438181 0.021604938271604937 0.03137860082304527
0 0.4198410588229449 0.9213623364153691 0.03510802469135803 0.030349794238683128
0 0.3906046608257538 0.964954878511227 0.025848765432098766 0.037037037037037035
0 0.33724904762681834 0.8720851621771781 0.016975308641975308 0.029320987654320986
0 0.4683779496930575 0.7248115091446748 0.02044753086419753 0.038580246913580245
0 0.5419360076102603 0.8345013821177423 0.026234567901234566 0.030349794238683128
0 0.4243046254456993 0.9897980739966021 0.02854938271604938 0.042695473251028807
0 0.4510015330484199 0.9953819823127109 0.02507716049382716 0.03137860082304527
