0 0.9425 0.7631987577639752 0.066 0.09627329192546584
0 0.7895 0.6265527950310559 0.056 0.09627329192546584
0 0.6155 0.7437888198757764 0.064 0.10403726708074534
0 0.655 0.8190993788819876 0.053 0.11180124223602485
0 0.6845 0.8936335403726708 0.05 0.09937888198757763
0 0.6435 0.9246894409937888 0.052 0.09316770186335403
0 0.8065 0.9569099378881988 0.05 0.08618012422360248
0 0.783 0.8082298136645962 0.061 0.08074534161490683
0 0.73 0.7833850931677019 0.063 0.07763975155279502
0 0.739 0.8509316770186336 0.053 0.07608695652173914
0 0.65 0.39751552795031053 0.051 0.09472049689440994
0 0.5235 0.5737577639751553 0.06 0.08074534161490683
0 0.4695 0.5597826086956522 0.062 0.08385093167701864
0 0.5175 0.4495341614906832 0.04 0.09627329192546584
0 0.4805 0.47127329192546585 0.046 0.09316770186335403
0 0.438 0.48524844720496896 0.045 0.07763975155279502
0 0.435 0.40139751552795033 0.059 0.09316770186335403
0 0.48 0.4114906832298137 0.053 0.06677018633540373
0 0.6685 0.36801242236024845 0.048 0.08229813664596274
0 0.766 0.37422360248447206 0.053 0.06987577639751552
0 0.7345 0.43711180124223603 0.044 0.07763975155279502
0 0.8165 0.42857142857142855 0.03 0.05745341614906832
0 0.829 0.4083850931677019 0.033 0.06366459627329192
0 0.948 0.20496894409937888 0.045 0.08229813664596274
0 0.63575 0.06599378881987578 0.0395 0.06832298136645963
0 0.5955 0.06444099378881987 0.05 0.07142857142857142
0 0.60875 0.12732919254658384 0.0465 0.07453416149068323
0 0.5335 0.15993788819875776 0.048 0.09472049689440994
0 0.24 0.35248447204968947 0.044 0.06677018633540373
0 0.15675 0.3517080745341615 0.0515 0.06677018633540373
0 0.15825 0.3113354037267081 0.0535 0.049689440993788817
0 0.20375 0.3544254658385093 0.0435 0.06444099378881987
0 0.191 0.3955745341614907 0.044 0.08152173913043478
0 0.11025 0.41187888198757766 0.0445 0.08307453416149069
0 0.135 0.48680124223602483 0.049 0.07298136645962733
0 0.066 0.6851708074534162 0.065 0.10326086956521739
0 0.1095 0.8101708074534162 0.062 0.09704968944099379
0 0.15775 0.6875 0.0615 0.07531055900621118
