0 0.24287642974874168 0.21536521666842 0.040625 0.0475
0 0.21514846930514872 0.1996635682970026 0.055625 0.05333333333333334
0 0.25352225537173595 0.15328403115847952 0.034375 0.04583333333333333
0 0.26514165203185547 0.24345121164997716 0.051875 0.07083333333333333
0 0.26425503685245416 0.2797369949333307 0.044375 0.06583333333333333
0 0.30843009310826336 0.11342158408303045 0.045625 0.06333333333333334
0 0.29989323976838295 0.1570398991211145 0.051875 0.059166666666666666
0 0.3433726068297003 0.25828452956263237 0.05375 0.06583333333333333
0 0.41090384526419166 0.284241244318082 0.04375 0.0625
0 0.42134334150035957 0.23001689483337107 0.035 0.0575
0 0.44755286949125794 0.20887854033021738 0.04125 0.059166666666666666
0 0.4389000223451503 0.15972897914730286 0.051875 0.06416666666666666
0 0.4289358775669468 0.11255110580087536 0.04125 0.0625
0 0.39684934177437187 0.0684504254920526 0.0575 0.056666666666666664
0 0.43653523090682717 0.06676772725333023 0.03625 0.06833333333333333
0 0.47371591363353394 0.08096616931033647 0.0425 0.0475
0 0.44650597714299506 0.011460846013888783 0.0375 0.0425
0 0.4001324184572453 0.3435323663185613 0.038125 0.05583333333333333
0 0.555259572681199 0.1476165166511756 0.05375 0.08
0 0.6023961878606002 0.21814053316790288 0.0475 0.06833333333333333
0 0.6304328369506604 0.17538840076518813 0.048125 0.04666666666666667
0 0.5504138380105397 0.34475910511840246 0.0325 0.055
0 0.5247119211611981 0.3554030706717757 0.03 0.0375
0 0.4908297185192817 0.377155475407584 0.0275 0.043333333333333335
0 0.46890625 0.4281920602695403 0.03625 0.050833333333333335
0 0.5198697820287428 0.4375539626788021 0.03 0.04666666666666667
0 0.4974661294488628 0.3099816099541704 0.024375 0.0375
0 0.5362249313928154 0.2628245622307372 0.023125 0.030833333333333334
0 0.5464761337607195 0.29149870001724437 0.026875 0.035833333333333335
0 0.5608278918364082 0.27130933223728426 0.024375 0.03833333333333333
0 0.5814102193413185 0.27134218153932027 0.03125 0.04583333333333333
0 0.5233453377365275 0.38724708143936065 0.02375 0.04583333333333333
0 0.4175653248009574 0.537958605666427 0.04 0.049166666666666664
0 0.4625943627494607 0.5461153810567666 0.036875 0.051666666666666666
0 0.49281851183952086 0.5084150635094612 0.03375 0.05333333333333334
0 0.4614825772308981 0.46854782238307346 0.026875 0.03916666666666667
0 0.5273451450522159 0.48231757409437126 0.036875 0.060833333333333336
0 0.5002055239530541 0.4454746372384827 0.02875 0.034166666666666665
0 0.6041914809068272 0.45395325152862304 0.05125 0.06416666666666666
0 0.5861950880105397 0.4273923623961677 0.04375 0.03916666666666667
0 0.5735935341846712 0.49579032042187665 0.028125 0.035833333333333335
0 0.5704999884344913 0.5328127492020764 0.0275 0.0275
0 0.6015921275669467 0.5112836354599607 0.02875 0.028333333333333332
0 0.602514008349701 0.5784126279322964 0.03875 0.07083333333333333
0 0.7254957454503009 0.4832601173473862 0.043125 0.06
0 0.6717886337607194 0.5808955224485444 0.040625 0.07583333333333334
0 0.6605178081377252 0.6415333322855107 0.025625 0.0425
0 0.6797754192792822 0.6743402135249522 0.029375 0.051666666666666666
0 0.6234993872505393 0.6527096178954108 0.040625 0.0675
0 0.6292702244390421 0.7093701288456706 0.041875 0.07
0 0.670748184882635 0.7568260420225176 0.040625 0.07416666666666667
0 0.7226566238031146 0.7125367800916592 0.0325 0.041666666666666664
0 0.7462024949022763 0.7410803068279469 0.025625 0.04416666666666667
0 0.7305170027039529 0.7565228809223182 0.020625 0.03833333333333333
0 0.7179931711611982 0.8017669975390052 0.02875 0.04666666666666667
0 0.7172417645434738 0.7508650316202822 0.024375 0.03916666666666667
0 0.779044838284552 0.76775978333158 0.02625 0.049166666666666664
0 0.7866009295108992 0.8018764952124585 0.03875 0.05333333333333334
0 0.8095866937803606 0.7091265106331367 0.038125 0.058333333333333334
0 0.7838226738651511 0.6779603886326573 0.038125 0.045
0 0.7191397906524561 0.6344150018267485 0.045 0.07333333333333333
0 0.7667517572898218 0.6035367955123374 0.049375 0.08333333333333333
0 0.7656818388325766 0.5268992580084646 0.03625 0.06916666666666667
0 0.796745529634972 0.4736377789956101 0.0525 0.056666666666666664
0 0.8711112960603619 0.43371149338571 0.05 0.058333333333333334
0 0.9080632129097035 0.4490482899458701 0.0525 0.0625
0 0.9030139389566494 0.4923874912418383 0.04 0.0575
0 0.8664612621497031 0.49213936673213754 0.035625 0.04833333333333333
0 0.8755492045600023 0.5322937373866687 0.045 0.08666666666666667
0 0.8361055000361699 0.5020357370213191 0.038125 0.056666666666666664
0 0.8615944860407205 0.6017333620790444 0.04125 0.056666666666666664
0 0.821383755681918 0.5855373247578465 0.04375 0.06666666666666667
0 0.8445319976062292 0.6923292329162505 0.0475 0.08416666666666667
0 0.8735480137576067 0.6526721851928172 0.03 0.05416666666666667
0 0.9018613076258706 0.6347256032054321 0.03875 0.0675
0 0.9095055339468288 0.6023791877020387 0.03375 0.08
0 0.9452320877726973 0.5873861295763702 0.048125 0.08166666666666667
0 0.15459105241963733 0.9039788712025557 0.045 0.07916666666666666
0 0.2128682752507757 0.8052310190259485 0.05125 0.06583333333333333
0 0.18489211835903901 0.7964561855099405 0.043125 0.075
0 0.20092237024095502 0.872643133133414 0.0425 0.055
0 0.19542377685867948 0.9091113423223963 0.056875 0.0575
0 0.26687607907664423 0.8324566993347714 0.041875 0.08
0 0.2577060134112548 0.8837793398131748 0.0525 0.06
0 0.28744278736430884 0.897453477599682 0.04375 0.05333333333333334
0 0.31160523032263276 0.7624209160514179 0.051875 0.06333333333333334
0 0.3720080659032318 0.8010819562471869 0.04 0.0825
0 0.38745276854514826 0.7367499691586437 0.05 0.07833333333333334
0 0.34280595636957867 0.889475906379882 0.043125 0.07666666666666666
0 0.3210499560955664 0.9442325759211198 0.046875 0.0825
0 0.4527187846965258 0.7808087104677062 0.0375 0.058333333333333334
0 0.4431951574035914 0.8771481686760899 0.04125 0.0775
0 0.4141416751628727 0.8475520255057902 0.026875 0.04083333333333333
0 0.4306152346344894 0.9055960814875872 0.038125 0.07
0 0.4810098578895795 0.9303108120290646 0.029375 0.058333333333333334
0 0.4958355723710168 0.8895493330162102 0.048125 0.0775
0 0.5223373643573644 0.8282525999655113 0.045 0.08666666666666667
0 0.5401310234050295 0.7476786286629957 0.04875 0.06416666666666666
0 0.5181282217350893 0.7285320014613987 0.04 0.058333333333333334
0 0.5360531200031126 0.9774277808223585 0.040625 0.065
0 0.6040088250749698 0.8635314259538552 0.03875 0.05333333333333334
