0 0.85791015625 0.050130208333333336 0.0615234375 0.07682291666666667
0 0.97705078125 0.035807291666666664 0.0458984375 0.07161458333333333
0 0.97705078125 0.525390625 0.0458984375 0.10807291666666667
0 0.79931640625 0.4348958333333333 0.0732421875 0.109375
0 0.7197265625 0.3658854166666667 0.06640625 0.08854166666666667
0 0.70068359375 0.4147135416666667 0.0634765625 0.10807291666666667
0 0.7705078125 0.3567708333333333 0.0625 0.07291666666666667
0 0.77392578125 0.4934895833333333 0.0654296875 0.08072916666666667
0 0.8193359375 0.60546875 0.064453125 0.12239583333333333
0 0.77734375 0.6770833333333334 0.052734375 0.10677083333333333
0 0.583984375 0.5091145833333334 0.07421875 0.11458333333333333
0 0.5625 0.4518229166666667 0.068359375 0.07552083333333333
0 0.4208984375 0.490234375 0.064453125 0.12369791666666667
0 0.5009765625 0.578125 0.0625 0.11197916666666667
0 0.4453125 0.6015625 0.064453125 0.078125
0 0.552734375 0.71484375 0.060546875 0.10677083333333333
0 0.2724609375 0.6178385416666666 0.078125 0.17838541666666666
0 0.52294921875 0.8736979166666666 0.0537109375 0.11197916666666667
0 0.474609375 0.8678385416666666 0.052734375 0.10807291666666667
0 0.431640625 0.9322916666666666 0.05859375 0.11458333333333333
0 0.20654296875 0.6197916666666666 0.0634765625 0.11458333333333333
0 0.0849609375 0.8958333333333334 0.09375 0.13020833333333334
0 0.2978515625 0.95703125 0.0625 0.07552083333333333
