0 0.2916666666666667 0.7736625514403292 0.022376543209876542 0.040123456790123455
0 0.30632716049382713 0.7582304526748971 0.020833333333333332 0.033950617283950615
0 0.3533950617283951 0.727880658436214 0.017746913580246913 0.02263374485596708
0 0.35300925925925924 0.7458847736625515 0.021604938271604937 0.01748971193415638
0 0.4012345679012346 0.6856995884773662 0.016203703703703703 0.02880658436213992
0 0.4174382716049383 0.6712962962962963 0.016203703703703703 0.037037037037037035
0 0.2507716049382716 0.6064814814814815 0.022376543209876542 0.03497942386831276
0 0.1392746913580247 0.6147119341563786 0.016975308641975308 0.030864197530864196
0 0.3464506172839506 0.6172839506172839 0.019290123456790122 0.029835390946502057
0 0.41165123456790126 0.595164609053498 0.020061728395061727 0.030864197530864196
0 0.4228395061728395 0.617798353909465 0.016203703703703703 0.024691358024691357
0 0.5366512345679012 0.6975308641975309 0.020061728395061727 0.027777777777777776
0 0.5277777777777778 0.6604938271604939 0.014660493827160493 0.0257201646090535
0 0.5366512345679012 0.6378600823045267 0.018518518518518517 0.01748971193415638
0 0.2797067901234568 0.5992798353909465 0.015432098765432098 0.026748971193415638
0 0.2631172839506173 0.5879629629629629 0.020833333333333332 0.02263374485596708
0 0.19868827160493827 0.5185185185185185 0.018518518518518517 0.0360082304526749
0 0.3576388888888889 0.536522633744856 0.023148148148148147 0.03497942386831276
0 0.35223765432098764 0.5005144032921811 0.023148148148148147 0.03292181069958848
0 0.21489197530864199 0.463477366255144 0.023148148148148147 0.03909465020576132
0 0.15432098765432098 0.49588477366255146 0.017746913580246913 0.029835390946502057
0 0.13310185185185186 0.4434156378600823 0.018518518518518517 0.03189300411522634
0 0.15432098765432098 0.4398148148148148 0.014660493827160493 0.02263374485596708
0 0.16859567901234568 0.4315843621399177 0.018518518518518517 0.024691358024691357
0 0.15856481481481483 0.40689300411522633 0.021604938271604937 0.03292181069958848
0 0.1412037037037037 0.3955761316872428 0.019290123456790122 0.02880658436213992
0 0.22646604938271606 0.38580246913580246 0.024691358024691357 0.023662551440329218
0 0.33719135802469136 0.40689300411522633 0.022376543209876542 0.02880658436213992
0 0.3915895061728395 0.4593621399176955 0.021604938271604937 0.026748971193415638
0 0.5316358024691358 0.5025720164609053 0.016203703703703703 0.0205761316872428
0 0.5443672839506173 0.49074074074074076 0.018518518518518517 0.027777777777777776
0 0.3638117283950617 0.6301440329218106 0.023148148148148147 0.02880658436213992
0 0.33719135802469136 0.7592592592592593 0.013117283950617283 0.021604938271604937
0 0.3028549382716049 0.6975308641975309 0.018518518518518517 0.029835390946502057
0 0.6790123456790124 0.43878600823045266 0.016203703703703703 0.026748971193415638
0 0.6828703703703703 0.47530864197530864 0.017746913580246913 0.0257201646090535
0 0.7523148148148148 0.5020576131687243 0.017746913580246913 0.027777777777777776
0 0.7727623456790124 0.45987654320987653 0.015432098765432098 0.03189300411522634
0 0.7573302469135802 0.4583333333333333 0.015432098765432098 0.030864197530864196
0 0.056712962962962965 0.2752057613168724 0.017746913580246913 0.0360082304526749
0 0.17650462962962962 0.3402777777777778 0.017361111111111112 0.032407407407407406
0 0.2025462962962963 0.2566872427983539 0.021604938271604937 0.03806584362139918
0 0.15007716049382716 0.2631172839506173 0.018518518518518517 0.03343621399176955
0 0.4650848765432099 0.22762345679012347 0.016589506172839507 0.03755144032921811
0 0.24151234567901234 0.14609053497942387 0.02700617283950617 0.033950617283950615
0 0.2044753086419753 0.12808641975308643 0.022376543209876542 0.030864197530864196
0 0.42592592592592593 0.13940329218106995 0.022376543209876542 0.02880658436213992
0 0.40239197530864196 0.15637860082304528 0.029320987654320986 0.021604938271604937
0 0.21875 0.07973251028806584 0.021604938271604937 0.043209876543209874
