0 0.19150033486426998 0.27401519213372927 0.03298611111111111 0.059895833333333336
0 0.23036751433266683 0.27343258651297103 0.027777777777777776 0.06510416666666667
0 0.51715184751231 0.039353473669158756 0.03819444444444445 0.06640625
0 0.5018301156593492 0.06465061329191335 0.034722222222222224 0.07161458333333333
0 0.41753054733366607 0.26620682686426944 0.042534722222222224 0.06770833333333333
0 0.38205768560645365 0.24956646199550667 0.03211805555555555 0.061197916666666664
0 0.1715996179873568 0.38897827969361015 0.03298611111111111 0.057291666666666664
0 0.2249713913303378 0.39613179770708357 0.030381944444444444 0.05859375
0 0.1617343951490332 0.43886851225099566 0.024305555555555556 0.053385416666666664
0 0.15246206528110223 0.4889970425973033 0.035590277777777776 0.05859375
0 0.20598129780904662 0.5095545041447089 0.022569444444444444 0.057291666666666664
0 0.29214691796207465 0.4469610187674635 0.034722222222222224 0.06510416666666667
0 0.37222362456054525 0.30995432193113576 0.0234375 0.059895833333333336
0 0.3784995088695935 0.4473532976596796 0.027777777777777776 0.057291666666666664
0 0.6247292317308735 0.09879563315369078 0.03732638888888889 0.07291666666666667
0 0.5872659707501677 0.17333822599999835 0.035590277777777776 0.057291666666666664
0 0.04031933936227203 0.6507666941112757 0.030381944444444444 0.045572916666666664
0 0.0038279066640017037 0.6718445875663654 0.026041666666666668 0.053385416666666664
0 0.08134107682335016 0.6505734610239506 0.035590277777777776 0.057291666666666664
0 0.11274464846939164 0.6384123334690606 0.03211805555555555 0.049479166666666664
0 0.10598218097637707 0.8630304275454094 0.03211805555555555 0.055989583333333336
0 0.19594192862541304 0.8272214578917169 0.041666666666666664 0.07682291666666667
0 0.26630199022854056 0.8264285101721565 0.035590277777777776 0.06901041666666667
0 0.3101042780176296 0.711063525413174 0.04774305555555555 0.06770833333333333
0 0.3948203556523609 0.6316831847684633 0.035590277777777776 0.09114583333333333
0 0.3529670179747157 0.7325804404491025 0.03993055555555555 0.06510416666666667
0 0.3388488902747817 0.9094421353897223 0.026041666666666668 0.06640625
0 0.3094565923250143 0.9281307886227562 0.03732638888888889 0.08854166666666667
0 0.43879015815468936 0.826649249334333 0.04079861111111111 0.08333333333333333
0 0.47735101324550805 0.8135520396352315 0.03993055555555555 0.07421875
0 0.5031269857621411 0.9911970639885261 0.028645833333333332 0.06901041666666667
0 0.6162031470518962 0.799300465373256 0.03819444444444445 0.08854166666666667
0 0.7255280483892221 0.8489598908463108 0.04513888888888889 0.057291666666666664
0 0.7618678470139729 0.7949359571786462 0.03298611111111111 0.08854166666666667
0 0.7804250314155036 0.7533051865219593 0.03732638888888889 0.078125
0 0.7529805649191628 0.6846065376512002 0.04600694444444445 0.07942708333333333
0 0.6999025912880915 0.6313413336801418 0.046875 0.09765625
0 0.6410131040036599 0.6515190410009998 0.04079861111111111 0.07552083333333333
0 0.59290363780173 0.6398082313208597 0.043402777777777776 0.09505208333333333
0 0.45151689203260076 0.6344538572040924 0.022569444444444444 0.05859375
0 0.5683229196610116 0.5746435689281446 0.044270833333333336 0.0703125
0 0.5589445797501666 0.534652927103793 0.042534722222222224 0.0703125
0 0.5810424224198277 0.4162835564660678 0.03819444444444445 0.078125
0 0.5338777975964742 0.360152516695109 0.04600694444444445 0.07942708333333333
0 0.4959554595066538 0.31631489222504866 0.04600694444444445 0.061197916666666664
0 0.5939374899254833 0.3352025912629735 0.03298611111111111 0.07942708333333333
0 0.6775871352425169 0.2048744948493005 0.028645833333333332 0.06510416666666667
0 0.6504459368932154 0.20206792640369153 0.033854166666666664 0.06380208333333333
0 0.6134155850322703 0.2048185834690606 0.033854166666666664 0.049479166666666664
0 0.6746830564028624 0.3509753100334332 0.04079861111111111 0.08203125
0 0.6864816484564222 0.28136853470858253 0.03298611111111111 0.057291666666666664
0 0.751926057780109 0.14801268107185547 0.042534722222222224 0.0703125
0 0.7675863944610803 0.21864734593113744 0.043402777777777776 0.06770833333333333
0 0.779098717665338 0.43345307231886343 0.04513888888888889 0.07161458333333333
0 0.8216083905562233 0.42670894220908323 0.046875 0.06901041666666667
0 0.910899578069863 0.5102567523717589 0.050347222222222224 0.09244791666666667
