0 0.06260950412963825 0.441353151834889 0.06796875 0.10668229777256741
0 0.11319993605239312 0.4135482017848085 0.08046875 0.11840562719812427
0 0.2179179625038908 0.39437229228003845 0.06796875 0.13599062133645956
0 0.24637823330059794 0.29839639487318165 0.08125 0.09026963657678781
0 0.30515978100119684 0.3806941348998866 0.0734375 0.11254396248534584
0 0.3707762594095803 0.42639030028380176 0.078125 0.11840562719812427
0 0.38381939146676547 0.574478630614261 0.06953125 0.10316529894490035
0 0.4078996572161671 0.49854097751305343 0.0765625 0.1242672919109027
0 0.5224804615215571 0.4729803641129649 0.0734375 0.12075029308323564
0 0.48559746501137696 0.5595390876604593 0.065625 0.14654161781946073
0 0.38767907862425016 0.6923998771201907 0.07265625 0.13599062133645956
0 0.4394721817676638 0.6378031833682052 0.0734375 0.1488862837045721
0 0.2944163892242492 0.8136453684532677 0.06484375 0.1324736225087925
0 0.19793704818532615 0.8814644352151443 0.06171875 0.11488862837045721
0 0.3129983853143684 0.9895589358741514 0.06875 0.11137162954279015
0 0.3429660716769437 0.9315399342276055 0.06015625 0.09261430246189918
0 0.507161482428143 0.7418450610404447 0.0765625 0.1242672919109027
0 0.5599188690802396 0.6002269126961565 0.0703125 0.10668229777256741
0 0.6109652758440125 0.5284232331490273 0.05078125 0.09730363423212192
0 0.6058378373940121 0.6657783342107553 0.065625 0.1242672919109027
0 0.5135524475170654 0.6543054501783789 0.06796875 0.1160609613130129
0 0.3387219977574837 0.6062843529663963 0.06875 0.11488862837045721
0 0.18703483882873986 0.7109567481367786 0.0578125 0.11254396248534584
0 0.1992608907041893 0.6403597843275803 0.0703125 0.08323563892145369
