0 0.032421875 0.7180539273153576 0.06171875 0.09261430246189918
0 0.11953125 0.5703399765533411 0.0671875 0.08323563892145369
0 0.081640625 0.6670574443141852 0.06015625 0.08440797186400938
0 0.0296875 0.6143024618991794 0.046875 0.10785463071512309
0 0.156640625 0.6131301289566237 0.03515625 0.08440797186400938
0 0.172265625 0.5240328253223916 0.04765625 0.0984759671746776
0 0.13515625 0.47479484173505276 0.0546875 0.12192262602579132
0 0.08125 0.48124267291910905 0.059375 0.09261430246189918
0 0.084765625 0.5638921453692849 0.03515625 0.07971864009378664
0 0.0265625 0.9800703399765534 0.05 0.03985932004689332
0 0.03984375 0.9150058616647128 0.05625 0.0738569753810082
0 0.0171875 0.8540445486518171 0.034375 0.05509964830011723
0 0.073046875 0.8587338804220399 0.04140625 0.09261430246189918
0 0.14921875 0.9103165298944901 0.0515625 0.10433763188745604
0 0.3046875 0.9765533411488863 0.0359375 0.044548651817116064
0 0.321484375 0.9355216881594373 0.03359375 0.07033997655334115
0 0.34453125 0.7813599062133646 0.0390625 0.05275498241500586
0 0.3609375 0.716295427901524 0.046875 0.07268464243845252
0 0.4265625 0.8024618991793669 0.0375 0.07620164126611957
0 0.543359375 0.6113716295427901 0.04609375 0.06916764361078546
0 0.593359375 0.6166471277842908 0.06328125 0.07737397420867527
0 0.3046875 0.37397420867526376 0.0515625 0.09378663540445487
0 0.273828125 0.246189917936694 0.04140625 0.07502930832356389
0 0.402734375 0.27432590855803046 0.05390625 0.0914419695193435
0 0.464453125 0.27784290738569756 0.05390625 0.07033997655334115
0 0.418359375 0.42028135990621335 0.05546875 0.10668229777256741
0 0.478515625 0.4296600234466589 0.06640625 0.0738569753810082
0 0.518359375 0.3939038686987104 0.04921875 0.08440797186400938
0 0.498046875 0.35228604923798357 0.04765625 0.07854630715123095
0 0.54296875 0.41090269636576787 0.0609375 0.07854630715123095
0 0.63515625 0.2842907385697538 0.04375 0.07854630715123095
0 0.59375 0.48534583821805394 0.0375 0.07737397420867527
0 0.68359375 0.43259085580304807 0.046875 0.08909730363423213
0 0.712890625 0.5310668229777257 0.03984375 0.04689331770222743
0 0.741015625 0.4718640093786635 0.04140625 0.06213364595545135
0 0.590234375 0.552168815943728 0.04765625 0.06799531066822978
0 0.533203125 0.4630715123094959 0.05078125 0.0492379835873388
0 0.544140625 0.5568581477139508 0.04765625 0.05627198124267292
0 0.42109375 0.1324736225087925 0.0421875 0.08909730363423213
0 0.374609375 0.0492379835873388 0.04453125 0.07971864009378664
0 0.3203125 0.10550996483001172 0.028125 0.06096131301289566
0 0.290234375 0.1025791324736225 0.03046875 0.0668229777256741
0 0.555078125 0.2731535756154748 0.04296875 0.06330597889800703
0 0.491015625 0.23563892145369286 0.03515625 0.053927315357561546
0 0.459375 0.19343493552168817 0.034375 0.06096131301289566
