0 0.6722608024691358 0.21424897119341563 0.016589506172839507 0.02417695473251029
0 0.6574074074074074 0.25 0.018518518518518517 0.026748971193415638
0 0.8055555555555556 0.4588477366255144 0.020833333333333332 0.033950617283950615
0 0.8834876543209876 0.5401234567901234 0.015432098765432098 0.03189300411522634
0 0.8123070987654321 0.8433641975308642 0.02044753086419753 0.03446502057613169
0 0.8620756172839507 0.363940329218107 0.02044753086419753 0.02726337448559671
0 0.8586033950617284 0.5720164609053497 0.02044753086419753 0.03189300411522634
0 0.7951388888888888 0.8901748971193416 0.020833333333333332 0.03652263374485597
0 0.7727623456790124 0.9117798353909465 0.023919753086419752 0.03446502057613169
0 0.7307098765432098 0.20756172839506173 0.018518518518518517 0.028292181069958847
0 0.6462191358024691 0.0257201646090535 0.018518518518518517 0.02880658436213992
0 0.7646604938271605 0.3698559670781893 0.023919753086419752 0.029835390946502057
0 0.75 0.39094650205761317 0.020833333333333332 0.02880658436213992
0 0.7299382716049383 0.3801440329218107 0.022376543209876542 0.027777777777777776
0 0.7098765432098766 0.2777777777777778 0.020833333333333332 0.02263374485596708
0 0.5848765432098766 0.30864197530864196 0.019290123456790122 0.03292181069958848
0 0.7202932098765432 0.053497942386831275 0.018518518518518517 0.026748971193415638
0 0.6875 0.07407407407407407 0.016203703703703703 0.01646090534979424
0 0.4672067901234568 0.28497942386831276 0.018518518518518517 0.026748971193415638
0 0.4679783950617284 0.34310699588477367 0.016975308641975308 0.01748971193415638
0 0.6620370370370371 0.3611111111111111 0.017746913580246913 0.03292181069958848
0 0.4729938271604938 0.11934156378600823 0.013117283950617283 0.02880658436213992
0 0.652391975308642 0.44084362139917693 0.018518518518518517 0.03189300411522634
0 0.8314043209876543 0.6381172839506173 0.014660493827160493 0.02109053497942387
0 0.7795138888888888 0.5928497942386831 0.02816358024691358 0.023148148148148147
0 0.8506944444444444 0.6597222222222222 0.018518518518518517 0.035493827160493825
0 0.9498456790123457 0.7055041152263375 0.020061728395061727 0.035493827160493825
0 0.9299768518518519 0.7692901234567902 0.022762345679012346 0.028292181069958847
0 0.8620756172839507 0.48405349794238683 0.02507716049382716 0.03189300411522634
0 0.6350308641975309 0.6759259259259259 0.02700617283950617 0.04218106995884774
0 0.8499228395061729 0.5411522633744856 0.017746913580246913 0.030864197530864196
