0 0.2014057912024667 0.9560509351283518 0.0537109375 0.09104704097116843
0 0.28806002712686907 0.7691385215658663 0.0556640625 0.08801213960546282
0 0.24235004367926338 0.95249416564921 0.0419921875 0.06525037936267071
0 0.24803413359692822 0.9178525293443746 0.0458984375 0.07435508345978756
0 0.3876437386096534 0.9848241130146437 0.0400390625 0.0819423368740516
0 0.35695087540231824 0.8805407580725689 0.0576171875 0.06828528072837632
0 0.4114793603379473 0.8802285101728118 0.0458984375 0.06828528072837632
0 0.39215719394648024 0.8341325586044579 0.0595703125 0.0819423368740516
0 0.4803301176358524 0.7275175758446591 0.0712890625 0.09711684370257967
0 0.46862201962537303 0.8029786214781639 0.0576171875 0.10166919575113809
0 0.4634180759487261 0.8681297602314563 0.0478515625 0.09711684370257967
0 0.513194582950972 0.8609962823948502 0.0439453125 0.09408194233687406
0 0.9387159160198383 0.43511803610405914 0.0517578125 0.11380880121396054
0 0.9355968531886261 0.3324092771766321 0.0546875 0.08649468892261002
0 0.8598866746425924 0.3866316178478364 0.0537109375 0.0819423368740516
0 0.28037114796332163 0.6121575747714292 0.037109375 0.07283763277693475
0 0.2353068651283663 0.599860151820378 0.0458984375 0.07890743550834597
0 0.20296951355052156 0.667694066282974 0.0283203125 0.05311077389984825
0 0.18230989971631484 0.6679754281004256 0.033203125 0.0622154779969651
0 0.016691812377242154 0.6126687576721763 0.044921875 0.0834597875569044
0 0.2425687676429631 0.3281025822394639 0.0390625 0.07738998482549317
0 0.27807181233682565 0.29591950515827553 0.052734375 0.07587253414264036
0 0.2901877627863016 0.3430146883640406 0.0439453125 0.06676783004552352
0 0.36160858113173633 0.30789471077040814 0.0625 0.08649468892261002
0 0.33424420157559764 0.535476730082851 0.0546875 0.08649468892261002
0 0.3064741493495496 0.530112156429066 0.041015625 0.0819423368740516
0 0.4775171744535921 0.6731945630170211 0.056640625 0.0819423368740516
0 0.5051235148656436 0.55647030191635 0.0439453125 0.08042488619119878
0 0.5056840899176648 0.4653583636951647 0.05078125 0.0834597875569044
0 0.5441052488431889 0.5150137560458328 0.0556640625 0.0819423368740516
0 0.549422498578219 0.44780335961792905 0.0439453125 0.07587253414264036
0 0.5277243432200603 0.3982967930811507 0.056640625 0.08649468892261002
0 0.48620072869273967 0.4246442533557459 0.0439453125 0.06069802731411229
0 0.46562062239071844 0.477429876622209 0.04296875 0.08497723823975721
0 0.6760221992215588 0.23379837894657765 0.033203125 0.06676783004552352
0 0.733606509474179 0.22454119996757665 0.0439453125 0.07587253414264036
0 0.749713835484284 0.17457355971715133 0.05078125 0.06525037936267071
0 0.7099821511235053 0.21004201389919117 0.048828125 0.06069802731411229
0 0.8091251329199132 0.18360919351366778 0.04296875 0.0834597875569044
0 0.7357674595924427 0.1558405898711314 0.0458984375 0.051593323216995446
0 0.8050764750849577 0.249833976811316 0.0361328125 0.06828528072837632
