0 0.8167438271604939 0.4683641975308642 0.02700617283950617 0.03960905349794239
0 0.6842206790123457 0.5807613168724279 0.022762345679012346 0.0411522633744856
0 0.8045910493827161 0.9061213991769548 0.025848765432098766 0.03652263374485597
0 0.8209876543209876 0.8593106995884774 0.023919753086419752 0.03446502057613169
0 0.9608410493827161 0.7139917695473251 0.025848765432098766 0.037037037037037035
0 0.8130787037037037 0.7322530864197531 0.01890432098765432 0.032407407407407406
0 0.8543595679012346 0.6728395061728395 0.01890432098765432 0.027777777777777776
0 0.8861882716049383 0.5982510288065843 0.013888888888888888 0.029835390946502057
0 0.8690200617283951 0.584619341563786 0.017361111111111112 0.025205761316872428
0 0.8964120370370371 0.5504115226337448 0.017361111111111112 0.033950617283950615
0 0.8732638888888888 0.5537551440329218 0.011959876543209876 0.023148148148148147
0 0.8553240740740741 0.5560699588477366 0.016975308641975308 0.02263374485596708
0 0.8732638888888888 0.49871399176954734 0.01890432098765432 0.02726337448559671
0 0.8724922839506173 0.3775720164609053 0.017361111111111112 0.03189300411522634
0 0.7789351851851852 0.38425925925925924 0.022376543209876542 0.03189300411522634
0 0.669945987654321 0.4930555555555556 0.024305555555555556 0.03446502057613169
0 0.6030092592592593 0.4027777777777778 0.016975308641975308 0.03189300411522634
0 0.5978009259259259 0.3248456790123457 0.017361111111111112 0.02726337448559671
0 0.6674382716049383 0.26440329218106995 0.015432098765432098 0.029835390946502057
0 0.6828703703703703 0.22762345679012347 0.015432098765432098 0.025205761316872428
0 0.7162422839506173 0.294238683127572 0.013503086419753086 0.029835390946502057
0 0.6647376543209876 0.24614197530864199 0.013888888888888888 0.01594650205761317
0 0.8219521604938271 0.24819958847736626 0.01890432098765432 0.025205761316872428
0 0.824266975308642 0.2183641975308642 0.02044753086419753 0.03446502057613169
0 0.7771990740740741 0.084619341563786 0.01890432098765432 0.032407407407407406
0 0.8038194444444444 0.5239197530864198 0.017361111111111112 0.03652263374485597
0 0.7908950617283951 0.6087962962962963 0.018518518518518517 0.02726337448559671
0 0.7654320987654321 0.4053497942386831 0.018518518518518517 0.029835390946502057
0 0.7395833333333334 0.39814814814814814 0.020061728395061727 0.029835390946502057
0 0.8404706790123457 0.6571502057613169 0.017361111111111112 0.026234567901234566
0 0.8366126543209876 0.5959362139917695 0.017361111111111112 0.028292181069958847
0 0.8238811728395061 0.5810185185185185 0.015817901234567902 0.023148148148148147
0 0.5493827160493827 0.7628600823045267 0.014660493827160493 0.024691358024691357
0 0.5646219135802469 0.7973251028806584 0.021219135802469136 0.026748971193415638
