0 0.34192746271070146 0.8810408621781454 0.0283203125 0.045572916666666664
0 0.37115296518749813 0.8547842690668679 0.0419921875 0.059895833333333336
0 0.3761349934970043 0.8050918539426162 0.033203125 0.03515625
0 0.4363967156156423 0.8413957565573872 0.0302734375 0.06901041666666667
0 0.42795352653068697 0.9065324632599824 0.04296875 0.07421875
0 0.4603237553559115 0.9695695545638751 0.0380859375 0.06770833333333333
0 0.4407108180546389 0.9906816660419192 0.03515625 0.06510416666666667
0 0.48460572479902553 0.9501255276082863 0.0263671875 0.06640625
0 0.5287494689180379 0.9296753044755519 0.0322265625 0.05859375
0 0.5733498755299395 0.846477614862278 0.033203125 0.0390625
0 0.5404785336961072 0.7966061693033953 0.046875 0.0546875
0 0.49602866992814293 0.7616619393892233 0.03515625 0.041666666666666664
0 0.35725070259992386 0.6091367022110777 0.0478515625 0.061197916666666664
0 0.45268494473652615 0.6589597270943122 0.05859375 0.07942708333333333
0 0.4753011218300893 0.6122312174930146 0.044921875 0.06510416666666667
0 0.5167383523065117 0.6337076521731547 0.0556640625 0.07682291666666667
0 0.5920957809187877 0.6020090122854302 0.0498046875 0.078125
0 0.5981270027417664 0.7214062724575868 0.052734375 0.07942708333333333
0 0.6542079739685631 0.7571697277944137 0.05078125 0.0703125
0 0.749465672532561 0.6815850427609805 0.0478515625 0.07942708333333333
0 0.7051291148229799 0.6442983153133752 0.0537109375 0.0703125
0 0.8158762820707354 0.5823496092699623 0.0478515625 0.07161458333333333
0 0.7390142559423666 0.5806256133672673 0.044921875 0.07552083333333333
0 0.7881879171459599 0.5066873194990035 0.046875 0.0703125
0 0.7843984114636996 0.4419462476626757 0.0537109375 0.0703125
0 0.7063695262253007 0.5260691727415182 0.060546875 0.08072916666666667
0 0.6676622931395968 0.5603765636417178 0.0341796875 0.057291666666666664
0 0.6592212838237286 0.4992162209720567 0.0419921875 0.0625
0 0.6874082447765734 0.41587371894710623 0.0224609375 0.07291666666666667
0 0.6618880437002258 0.4272498391022958 0.0400390625 0.06640625
0 0.735823820587951 0.36883053519111814 0.0498046875 0.08723958333333333
0 0.7045340668218583 0.2666220274855285 0.044921875 0.07161458333333333
0 0.9487826267077132 0.2642836646826355 0.0458984375 0.06770833333333333
0 0.93011463314933 0.22377594692465108 0.0478515625 0.07161458333333333
0 0.8677899182316651 0.13192651651846257 0.0498046875 0.08203125
0 0.7686084411594338 0.193241289906686 0.044921875 0.05859375
0 0.4886840684779196 0.32152322555838203 0.0537109375 0.08723958333333333
0 0.4627200366672905 0.3813535292045898 0.0400390625 0.07291666666666667
0 0.47182771336339896 0.17061597424001765 0.0615234375 0.07161458333333333
0 0.5730931500022471 0.11671806598552685 0.048828125 0.07942708333333333
0 0.5091881055071118 0.15012527075149476 0.0517578125 0.06510416666666667
0 0.6332531393308405 0.0681516101187604 0.046875 0.057291666666666664
0 0.6600560225561398 0.1144252174994993 0.05078125 0.07682291666666667
0 0.7131722492664695 0.13292522199101672 0.03515625 0.049479166666666664
0 0.7520547674345086 0.15110596798203493 0.0380859375 0.0625
0 0.85101307064933 0.041098713313871084 0.0478515625 0.08203125
0 0.7698266273038953 0.050221236967064264 0.046875 0.08333333333333333
0 0.8074743520980573 0.0069565998108765585 0.0546875 0.08984375
0 0.25892618951796303 0.3104513824945085 0.037109375 0.061197916666666664
0 0.262574208644086 0.26028237179241237 0.0478515625 0.057291666666666664
0 0.33540132997492517 0.12378190421107453 0.0498046875 0.07161458333333333
0 0.4717738693484292 0.08194996014720275 0.0498046875 0.061197916666666664
0 0.4266009772047163 0.0843984677235498 0.0341796875 0.06770833333333333
