0 0.43310546875 0.03687315634218289 0.0205078125 0.038348082595870206
0 0.9833984375 0.36578171091445427 0.0234375 0.035398230088495575
0 0.234375 0.10398230088495575 0.025390625 0.045722713864306784
0 0.2666015625 0.1570796460176991 0.025390625 0.03687315634218289
0 0.2939453125 0.19247787610619468 0.021484375 0.03982300884955752
0 0.06298828125 0.3635693215339233 0.0166015625 0.03687315634218289
0 0.630859375 0.32669616519174044 0.0234375 0.03392330383480826
0 0.67236328125 0.44616519174041297 0.0263671875 0.04277286135693215
0 0.6513671875 0.471976401179941 0.0234375 0.04424778761061947
0 0.5869140625 0.48525073746312686 0.0234375 0.04424778761061947
0 0.60595703125 0.4778761061946903 0.0205078125 0.038348082595870206
0 0.7041015625 0.47050147492625366 0.0234375 0.038348082595870206
0 0.8203125 0.48672566371681414 0.021484375 0.0471976401179941
0 0.5498046875 0.3812684365781711 0.01953125 0.03392330383480826
0 0.373046875 0.4033923303834808 0.021484375 0.04277286135693215
0 0.35107421875 0.4085545722713864 0.0244140625 0.04129793510324484
0 0.28125 0.35176991150442477 0.01953125 0.030973451327433628
0 0.46142578125 0.4778761061946903 0.0224609375 0.04424778761061947
0 0.42626953125 0.4528023598820059 0.0224609375 0.04129793510324484
0 0.26416015625 0.4144542772861357 0.0224609375 0.032448377581120944
0 0.4404296875 0.5671091445427728 0.01953125 0.03687315634218289
0 0.4111328125 0.5685840707964602 0.025390625 0.045722713864306784
0 0.34130859375 0.5722713864306784 0.0263671875 0.04129793510324484
0 0.23486328125 0.5331858407079646 0.0185546875 0.04277286135693215
0 0.2626953125 0.5398230088495575 0.017578125 0.04424778761061947
0 0.2451171875 0.5412979351032449 0.01953125 0.038348082595870206
0 0.24462890625 0.581858407079646 0.0244140625 0.03982300884955752
0 0.40625 0.6157817109144543 0.0234375 0.04277286135693215
0 0.31640625 0.5973451327433629 0.025390625 0.038348082595870206
0 0.296875 0.6792035398230089 0.025390625 0.04277286135693215
0 0.28076171875 0.6452802359882006 0.0263671875 0.03687315634218289
0 0.58837890625 0.6025073746312685 0.0224609375 0.03687315634218289
0 0.638671875 0.6821533923303835 0.025390625 0.03687315634218289
0 0.62353515625 0.7087020648967551 0.0263671875 0.03982300884955752
0 0.76220703125 0.7522123893805309 0.0244140625 0.038348082595870206
0 0.79736328125 0.7706489675516224 0.0263671875 0.03392330383480826
0 0.5322265625 0.7300884955752213 0.025390625 0.038348082595870206
0 0.505859375 0.745575221238938 0.0234375 0.03687315634218289
0 0.177734375 0.7028023598820059 0.0234375 0.03982300884955752
0 0.26220703125 0.7558997050147492 0.0244140625 0.03982300884955752
0 0.3115234375 0.7426253687315634 0.025390625 0.03687315634218289
0 0.30859375 0.7035398230088495 0.0234375 0.035398230088495575
0 0.509765625 0.7905604719764012 0.029296875 0.038348082595870206
0 0.17333984375 0.7713864306784661 0.0263671875 0.05014749262536873
0 0.80126953125 0.950589970501475 0.0244140625 0.051622418879056046
0 0.94091796875 0.782448377581121 0.0341796875 0.05457227138643068
