0 0.05908203125 0.24127465857359637 0.0537109375 0.09104704097116843
0 0.21044921875 0.37936267071320184 0.0556640625 0.08801213960546282
0 0.09423828125 0.208649468892261 0.0419921875 0.06525037936267071
0 0.11376953125 0.24355083459787558 0.0458984375 0.07435508345978756
0 0.19970703125 0.0409711684370258 0.0400390625 0.0819423368740516
0 0.21923828125 0.18892261001517452 0.0576171875 0.06828528072837632
0 0.26416015625 0.14036418816388468 0.0458984375 0.06828528072837632
0 0.26806640625 0.2109256449165402 0.0595703125 0.0819423368740516
0 0.38623046875 0.2549317147192716 0.0712890625 0.09711684370257967
0 0.34423828125 0.17830045523520485 0.0576171875 0.10166919575113809
0 0.31201171875 0.10773899848254932 0.0478515625 0.09711684370257967
0 0.35595703125 0.07132018209408195 0.0439453125 0.09408194233687406
0 0.88818359375 0.18133535660091046 0.0517578125 0.11380880121396054
0 0.9296875 0.30273141122913505 0.0546875 0.08649468892261002
0 0.84423828125 0.30804248861911987 0.0537109375 0.0819423368740516
0 0.271484375 0.56752655538695 0.037109375 0.07283763277693475
0 0.23974609375 0.622154779969651 0.0458984375 0.07890743550834597
0 0.18408203125 0.5728376327769348 0.0283203125 0.05311077389984825
0 0.1669921875 0.5910470409711684 0.033203125 0.0622154779969651
0 0.0546875 0.8034901365705615 0.044921875 0.0834597875569044
0 0.3623046875 0.9294385432473444 0.0390625 0.07738998482549317
0 0.4052734375 0.9347496206373292 0.052734375 0.07587253414264036
0 0.39501953125 0.8694992412746586 0.0439453125 0.06676783004552352
0 0.46875 0.84597875569044 0.0625 0.08649468892261002
0 0.3486328125 0.6077389984825493 0.0546875 0.08649468892261002
0 0.328125 0.6388467374810318 0.041015625 0.0819423368740516
0 0.4072265625 0.3201820940819423 0.056640625 0.0819423368740516
0 0.47998046875 0.4301972685887709 0.0439453125 0.08042488619119878
0 0.51953125 0.5349013657056145 0.05078125 0.0834597875569044
0 0.52978515625 0.44309559939301973 0.0556640625 0.0819423368740516
0 0.56298828125 0.5159332321699545 0.0439453125 0.07587253414264036
0 0.56640625 0.5925644916540213 0.056640625 0.08649468892261002
0 0.52099609375 0.5993930197268589 0.0439453125 0.06069802731411229
0 0.4814453125 0.5569044006069803 0.04296875 0.08497723823975721
0 0.7587890625 0.6494688922610015 0.033203125 0.06676783004552352
0 0.81005859375 0.6084977238239757 0.0439453125 0.07587253414264036
0 0.8447265625 0.6517450682852808 0.05078125 0.06525037936267071
0 0.796875 0.6464339908952959 0.048828125 0.06069802731411229
0 0.8896484375 0.5880121396054628 0.04296875 0.0834597875569044
0 0.84130859375 0.6858877086494689 0.0458984375 0.051593323216995446
0 0.85791015625 0.5151745068285281 0.0361328125 0.06828528072837632
