0 0.3606908604655687 0.23557098982355046 0.09921875 0.13125
0 0.46916813107485156 0.0017135153724516647 0.0625 0.08125
0 0.5322062291709597 0.0025021003257454785 0.04921875 0.10416666666666667
0 0.6177500837943135 0.025057170302991476 0.03984375 0.04895833333333333
0 0.598747943044912 0.12388193932894016 0.0625 0.109375
0 0.5845071737281449 0.27016095800159573 0.04375 0.0875
0 0.6436400286164685 0.32026410341916123 0.06328125 0.06770833333333333
0 0.6785213236997025 0.23206900384311294 0.07265625 0.06770833333333333
0 0.7307696646610801 0.28085637871816344 0.0734375 0.090625
0 0.6229006061808395 0.3921601255816366 0.0453125 0.07708333333333334
0 0.6470750044074871 0.10111350687624565 0.04140625 0.08020833333333334
0 0.8718398345568896 0.1295606476407181 0.0390625 0.04791666666666667
0 0.7784426880751519 0.3524108436562879 0.07890625 0.09895833333333333
0 0.8251774600092837 0.4186735096163684 0.07109375 0.09895833333333333
0 0.5765131865499995 0.8506579687381264 0.06796875 0.13020833333333334
0 0.5366509193206578 0.8981833392099827 0.06484375 0.10104166666666667
0 0.4304382235485023 0.5914372918950103 0.075 0.115625
0 0.4131901378994002 0.6786878776582841 0.078125 0.12291666666666666
0 0.5528998980715566 0.7148754149002012 0.08046875 0.11354166666666667
0 0.5705358581131736 0.6712289200099816 0.0625 0.090625
0 0.16264928919580682 0.28758857189021647 0.053125 0.09270833333333334
