0 0.8736213235294118 0.07924836601307189 0.07873774509803921 0.13480392156862744
0 0.7977941176470589 0.17830882352941177 0.09068627450980392 0.17034313725490197
0 0.678921568627451 0.6544117647058824 0.08762254901960784 0.14052287581699346
0 0.7516850490196079 0.7616421568627451 0.033394607843137254 0.06576797385620915
0 0.7192095588235294 0.7618464052287581 0.03155637254901961 0.049019607843137254
0 0.7916666666666666 0.7218137254901961 0.027573529411764705 0.05065359477124183
0 0.8088235294117647 0.7463235294117647 0.032475490196078434 0.058823529411764705
0 0.4332107843137255 0.6658496732026143 0.0741421568627451 0.10620915032679738
0 0.4494485294117647 0.7279411764705882 0.04779411764705882 0.10784313725490197
0 0.3713235294117647 0.696078431372549 0.03125 0.07679738562091504
0 0.3161764705882353 0.8827614379084967 0.03982843137254902 0.08415032679738563
0 0.2913602941176471 0.5714869281045751 0.05392156862745098 0.10375816993464053
0 0.21507352941176472 0.6813725490196079 0.04595588235294118 0.0784313725490196
0 0.39797794117647056 0.8161764705882353 0.05024509803921569 0.06372549019607843
0 0.48912377450980393 0.8192401960784313 0.040747549019607844 0.042075163398692814
0 0.39169730392156865 0.9709967320261438 0.04442401960784314 0.05800653594771242
0 0.6113664215686274 0.5831290849673203 0.04871323529411765 0.07475490196078431
0 0.5810355392156863 0.5032679738562091 0.045649509803921566 0.058823529411764705
0 0.08838848039215687 0.6123366013071896 0.0628063725490196 0.07679738562091504
0 0.03661151960784314 0.5741421568627451 0.07138480392156862 0.09436274509803921
0 0.27971813725490197 0.7181372549019608 0.0428921568627451 0.07107843137254902
0 0.41651348039215685 0.4536356209150327 0.05116421568627451 0.06495098039215687
0 0.44393382352941174 0.38929738562091504 0.05330882352941176 0.09313725490196079
0 0.40042892156862747 0.3396650326797386 0.049019607843137254 0.09844771241830065
0 0.2962622549019608 0.3176062091503268 0.049019607843137254 0.06004901960784314
0 0.03002450980392157 0.37969771241830064 0.05024509803921569 0.061683006535947715
0 0.13005514705882354 0.40318627450980393 0.0272671568627451 0.04330065359477124
0 0.11504289215686274 0.32883986928104575 0.0389093137254902 0.06454248366013073
0 0.1715686274509804 0.28880718954248363 0.041666666666666664 0.04820261437908497
0 0.1790747549019608 0.2099673202614379 0.046262254901960786 0.06045751633986928
0 0.17110906862745098 0.11601307189542484 0.04258578431372549 0.06045751633986928
0 0.10401348039215687 0.06495098039215687 0.03155637254901961 0.032679738562091505
0 0.1170343137254902 0.03676470588235294 0.03002450980392157 0.03431372549019608
0 0.04534313725490196 0.06433823529411764 0.03370098039215686 0.03799019607843137
0 0.32107843137254904 0.15400326797385622 0.042279411764705885 0.04738562091503268
0 0.4880514705882353 0.07924836601307189 0.027573529411764705 0.05228758169934641
0 0.4491421568627451 0.03880718954248366 0.028186274509803922 0.04330065359477124
0 0.4368872549019608 0.22303921568627452 0.0392156862745098 0.08006535947712418
