0 0.3886778579257494 0.08218439391999686 0.059 0.049
0 0.4660723948547079 0.09523566410921876 0.05 0.055
0 0.48157239485470793 0.1220824516265364 0.044 0.031
0 0.5270207793609598 0.09180136271329081 0.063 0.06
0 0.4408131212160007 0.2304853188046926 0.053 0.056
0 0.5080951535187558 0.18702121718955486 0.055 0.062
0 0.3599570600599758 0.33143851278256126 0.058 0.046
0 0.4019916697508023 0.3562445924433999 0.054 0.059
0 0.36209232335022706 0.3931368972888131 0.054 0.053
0 0.4117560981656524 0.41815707856478956 0.061 0.066
0 0.5601047724619891 0.3071045196815319 0.059 0.042
0 0.7433742631289133 0.11353658899391463 0.058 0.05
0 0.7874255333181351 0.08983562709959125 0.056 0.051
0 0.7620643173859675 0.06290871256335145 0.049 0.043
0 0.3391285670396154 0.5703625046262034 0.067 0.059
0 0.5933586385440963 0.532701905283833 0.059 0.064
0 0.4142025958928852 0.6193945369289586 0.056 0.063
0 0.4013785670396154 0.678182667397366 0.065 0.088
0 0.3299218522841658 0.6894160068989706 0.054 0.078
0 0.3411446294530274 0.883854427157463 0.073 0.058
0 0.6986490010960491 0.5290701627711626 0.059 0.063
0 0.6613656800992582 0.5684935565298215 0.057 0.062
0 0.6245246454430669 0.42868301270189224 0.051 0.059
0 0.5991733937586587 0.6407733567490312 0.077 0.067
0 0.7399778394209355 0.5346538105676658 0.059 0.07
0 0.8841951165091282 0.5264454618136544 0.069 0.074
0 0.6944147182049349 0.6227361696701332 0.068 0.063
0 0.7257759341371027 0.6600553890517863 0.069 0.057
0 0.766090344047139 0.6188819952931276 0.068 0.064
0 0.7796945184241447 0.7074451165091282 0.063 0.055
0 0.821399001096049 0.7416793994002423 0.065 0.056
0 0.7817137563106117 0.7709425391210567 0.055 0.063
