0 0.3265698464465753 0.9763201053409876 0.025384615384615384 0.04503464203233257
0 0.34847812499544695 0.9639992358478261 0.019230769230769232 0.04041570438799076
0 0.15960217995437698 0.9936925925679924 0.026153846153846153 0.04849884526558892
0 0.16694461997250737 0.8153239123275852 0.025384615384615384 0.03695150115473441
0 0.19921630764779094 0.7906877270036372 0.026923076923076925 0.04734411085450346
0 0.2832103740636367 0.8012265119187959 0.023846153846153847 0.03695150115473441
0 0.2967601715326742 0.7694824229386961 0.023846153846153847 0.03464203233256351
0 0.3134919320665478 0.877651403479306 0.02076923076923077 0.04157043879907621
0 0.37608560765494065 0.8787369164782138 0.026923076923076925 0.028868360277136258
0 0.38246208393374315 0.8572100055712701 0.023076923076923078 0.03117782909930716
0 0.545203672091828 0.9108355355395474 0.013846153846153847 0.021939953810623556
0 0.5649110153082628 0.9124225513051157 0.014615384615384615 0.021939953810623556
0 0.5751686587625235 0.9448668786923186 0.013846153846153847 0.02424942263279446
0 0.5832759042720953 0.9278400997911831 0.016153846153846154 0.025404157043879907
0 0.48542828482299305 0.8466389880461915 0.013076923076923076 0.021939953810623556
0 0.5308173254853978 0.8053006068618074 0.013076923076923076 0.02771362586605081
0 0.5412837919935141 0.7955627169058118 0.013076923076923076 0.02424942263279446
0 0.5551427616076643 0.7715509055500843 0.014615384615384615 0.021939953810623556
0 0.5884450230999907 0.772688978974045 0.016153846153846154 0.02771362586605081
0 0.5971881195644402 0.7931122277956075 0.014615384615384615 0.03002309468822171
0 0.4510954495136239 0.8197266558743224 0.011538461538461539 0.023094688221709007
0 0.46070343494190596 0.8100661184565576 0.013076923076923076 0.02771362586605081
0 0.6067509841858683 0.7521565437393504 0.015384615384615385 0.03117782909930716
0 0.6560063936495261 0.6954668592823797 0.015384615384615385 0.023094688221709007
0 0.6690105817773936 0.6888630358565662 0.014615384615384615 0.02424942263279446
0 0.6833710312289644 0.6730835167925233 0.014615384615384615 0.03002309468822171
0 0.6899775368198259 0.6486904964080173 0.014615384615384615 0.03233256351039261
0 0.6591991898761499 0.6460316524319692 0.013846153846153847 0.02771362586605081
0 0.6682854805119123 0.653490419341347 0.013846153846153847 0.02424942263279446
0 0.6453715339977526 0.6966837733439193 0.01 0.018475750577367205
0 0.6456116707873611 0.6811418655569436 0.011538461538461539 0.019630484988452657
0 0.602906547327057 0.6301514768158663 0.016153846153846154 0.026558891454965358
0 0.5963404716463937 0.6038413039627178 0.014615384615384615 0.017321016166281754
0 0.6456271948458046 0.5737919290619697 0.013846153846153847 0.03002309468822171
0 0.6687445478329258 0.5830904959017592 0.012307692307692308 0.02771362586605081
0 0.6624977517749249 0.5518368023635698 0.013076923076923076 0.019630484988452657
0 0.5813229649817415 0.5428546874384265 0.013846153846153847 0.02771362586605081
0 0.5485332821074896 0.6019408124812002 0.016153846153846154 0.025404157043879907
0 0.5312349715931087 0.7209361721754106 0.01769230769230769 0.02771362586605081
0 0.5032657967945458 0.7325097964987914 0.018461538461538463 0.028868360277136258
0 0.45949977708455014 0.6937725439380464 0.01769230769230769 0.025404157043879907
0 0.4814770909889261 0.7047258598562334 0.013076923076923076 0.03117782909930716
0 0.4708284242660518 0.7012879368355034 0.013846153846153847 0.025404157043879907
0 0.5030283682953841 0.7007146351929872 0.01769230769230769 0.03348729792147806
0 0.5147177163128507 0.7172510186522121 0.016153846153846154 0.026558891454965358
0 0.520695770135937 0.6900692413283747 0.016923076923076923 0.025404157043879907
0 0.4930246687018328 0.6573832371010784 0.012307692307692308 0.02424942263279446
0 0.5168183025540302 0.6534286384259114 0.014615384615384615 0.023094688221709007
0 0.5289363954598616 0.6375924933737892 0.013846153846153847 0.023094688221709007
0 0.03966480742588304 0.7349640592777298 0.02923076923076923 0.046189376443418015
0 0.06583417763817263 0.6956161175371922 0.026923076923076925 0.03348729792147806
0 0.14488717193197312 0.7291045048230002 0.027692307692307693 0.050808314087759814
0 0.19647319694886925 0.6057263306621665 0.019230769230769232 0.03002309468822171
0 0.2139620981682153 0.5992357592125117 0.023076923076923078 0.026558891454965358
0 0.20796012979647865 0.634438497763493 0.018461538461538463 0.03695150115473441
0 0.08359624637022281 0.5882191742795407 0.024615384615384615 0.03579676674364896
0 0.1579537219124804 0.5344411179634616 0.023076923076923078 0.03810623556581986
0 0.1967463644615733 0.5048199588541699 0.022307692307692306 0.042725173210161664
0 0.06656812945923277 0.4123050487123643 0.026153846153846153 0.028868360277136258
0 0.09982996104136095 0.4641463153739793 0.021538461538461538 0.046189376443418015
0 0.161097697738699 0.43638012908287577 0.026153846153846153 0.04387990762124711
0 0.2273617348424858 0.40428368875020176 0.022307692307692306 0.04157043879907621
0 0.11225524348609646 0.32670703897730297 0.014615384615384615 0.03002309468822171
0 0.13617214967509714 0.2999782695580998 0.015384615384615385 0.028868360277136258
0 0.17168175438385844 0.2572020240222338 0.014615384615384615 0.03579676674364896
0 0.23975841184191526 0.19286703370452282 0.013846153846153847 0.02424942263279446
0 0.25137872450387755 0.18612923175239932 0.015384615384615385 0.03233256351039261
0 0.32528922280888006 0.3194107095354212 0.016153846153846154 0.025404157043879907
0 0.3634193915639978 0.3076975530233554 0.019230769230769232 0.03926096997690531
0 0.2562281036437387 0.4539342922281793 0.02076923076923077 0.023094688221709007
0 0.26785581549280374 0.48185776105942246 0.016153846153846154 0.03579676674364896
0 0.2900742574898926 0.5419368736750969 0.01769230769230769 0.025404157043879907
0 0.3001146874000908 0.5172344431376682 0.01769230769230769 0.03233256351039261
0 0.3145138497745173 0.5627565044132145 0.015384615384615385 0.028868360277136258
0 0.3249112809271291 0.5297444290458705 0.015384615384615385 0.02424942263279446
0 0.3315905214670462 0.5459562294643961 0.014615384615384615 0.023094688221709007
0 0.3365804139894967 0.5716324091239225 0.013846153846153847 0.021939953810623556
0 0.3481980183610121 0.6122316762645792 0.01769230769230769 0.026558891454965358
0 0.3768607150704371 0.36805017635402476 0.019230769230769232 0.02771362586605081
0 0.343288985658958 0.4851491101297441 0.015384615384615385 0.025404157043879907
0 0.31885309296788467 0.48166011478330983 0.012307692307692308 0.026558891454965358
0 0.3779364096943338 0.4251195817404256 0.016923076923076923 0.026558891454965358
0 0.36391545482052445 0.4106039835006002 0.01769230769230769 0.028868360277136258
0 0.34022857794358274 0.43446664344224123 0.01769230769230769 0.023094688221709007
0 0.352439620753569 0.4338837225743235 0.014615384615384615 0.03579676674364896
0 0.3981001119413354 0.40364374315918616 0.023076923076923078 0.021939953810623556
0 0.41078872004009176 0.41931407581009705 0.016153846153846154 0.02424942263279446
0 0.44617036151539397 0.3173136611421207 0.016153846153846154 0.03233256351039261
0 0.4979331701661544 0.301785438143573 0.016153846153846154 0.025404157043879907
0 0.4792055977601482 0.14801149012681097 0.013846153846153847 0.02424942263279446
0 0.4753153144102448 0.17138375462654143 0.019230769230769232 0.03579676674364896
0 0.5729338958503924 0.32011868033355845 0.015384615384615385 0.019630484988452657
0 0.5855019399027924 0.3112261146357255 0.015384615384615385 0.02771362586605081
0 0.40458902739515357 0.5486909378793265 0.016153846153846154 0.03348729792147806
0 0.36292286824209924 0.6228037831539875 0.016153846153846154 0.03233256351039261
0 0.4230138355400452 0.6647261745706191 0.018461538461538463 0.03579676674364896
0 0.43866891014691767 0.651158045240365 0.016153846153846154 0.03579676674364896
0 0.4163410028841263 0.6185079404509967 0.01769230769230769 0.02424942263279446
0 0.394905598727369 0.56508372358684 0.014615384615384615 0.026558891454965358
0 0.36983015548786646 0.5068140651260243 0.014615384615384615 0.021939953810623556
0 0.43076209720099434 0.5266736315304723 0.013076923076923076 0.025404157043879907
0 0.42893467847251915 0.48958963994877636 0.013076923076923076 0.03002309468822171
0 0.446928759122837 0.5086619961824893 0.014615384615384615 0.023094688221709007
0 0.5015411698289085 0.45666304824571613 0.013076923076923076 0.028868360277136258
0 0.5212485130453434 0.45825006401128443 0.016923076923076923 0.028868360277136258
0 0.5360966352632339 0.4460480001566565 0.010769230769230769 0.025404157043879907
0 0.5839176318732388 0.4526033287204438 0.012307692307692308 0.025404157043879907
0 0.5511269576958826 0.4470217492787542 0.011538461538461539 0.019630484988452657
0 0.5243035041798249 0.6036066688843476 0.013076923076923076 0.028868360277136258
0 0.43602344024880646 0.5634482129592455 0.011538461538461539 0.025404157043879907
0 0.47922905224342666 0.558003189507544 0.014615384615384615 0.03002309468822171
0 0.4656001119413354 0.5791488913857092 0.013846153846153847 0.025404157043879907
0 0.4982085859039334 0.5715546578506732 0.013846153846153847 0.019630484988452657
0 0.5092041463916719 0.5793587343509016 0.012307692307692308 0.019630484988452657
0 0.5282655311756794 0.5561715207031853 0.01769230769230769 0.02424942263279446
