0 0.0186525796828668 0.45651667649493033 0.07873774509803921 0.13480392156862744
0 0.12146853784360466 0.4737615771074312 0.09068627450980392 0.17034313725490197
0 0.40295378804837245 0.6984219855128978 0.08762254901960784 0.14052287581699346
0 0.38015016261981727 0.8064886461308787 0.033394607843137254 0.06576797385620915
0 0.4083513552672286 0.7878647353062533 0.03155637254901961 0.049019607843137254
0 0.3305894042883622 0.8050367183236696 0.027573529411764705 0.05065359477124183
0 0.32492230177245274 0.8300408995054631 0.032475490196078434 0.058823529411764705
0 0.6200347849341322 0.5636068402467233 0.0741421568627451 0.10620915032679738
0 0.6292567989045441 0.611231650122345 0.04779411764705882 0.10784313725490197
0 0.6849665041634387 0.5464978999272053 0.03125 0.07679738562091504
0 0.8027313854995904 0.6296602051514246 0.03982843137254902 0.08415032679738563
0 0.7074948835714469 0.42357957339610924 0.05392156862745098 0.10375816993464053
0 0.8147682676224044 0.4472277232518493 0.04595588235294118 0.0784313725490196
0 0.7069198711581551 0.6358702748362118 0.05024509803921569 0.06372549019607843
0 0.6291341611012095 0.6903806789789073 0.040747549019607844 0.042075163398692814
0 0.7704166606120708 0.7276173612927118 0.04442401960784314 0.05800653594771242
0 0.43472725665574646 0.6155070616045568 0.04871323529411765 0.07475490196078431
0 0.431046654625924 0.5487990452944311 0.045649509803921566 0.058823529411764705
0 0.8985922579609049 0.3315581785328938 0.0628063725490196 0.07679738562091504
0 0.9291095046642046 0.2781359882250384 0.07138480392156862 0.09436274509803921
0 0.7725711597184471 0.5071982977779349 0.0428921568627451 0.07107843137254902
0 0.5549148046970771 0.42323740008367494 0.05116421568627451 0.06495098039215687
0 0.5070412527244339 0.399434555199404 0.05330882352941176 0.09313725490196079
0 0.5261054706586834 0.34374219807991685 0.049019607843137254 0.09844771241830065
0 0.6080443913960331 0.2700127493676153 0.049019607843137254 0.06004901960784314
0 0.861897355822711 0.1545502589390598 0.05024509803921569 0.061683006535947715
0 0.7840764935875336 0.2267725252321214 0.0272671568627451 0.04330065359477124
0 0.7691975857399348 0.17230592152236382 0.0389093137254902 0.06454248366013073
0 0.7052326081056736 0.1802799223100433 0.041666666666666664 0.04820261437908497
0 0.6691671600686887 0.13604622470626987 0.046262254901960786 0.06045751633986928
0 0.6408328036037362 0.07356902980446496 0.04258578431372549 0.06045751633986928
0 0.6797910031836358 0.0033758283390029438 0.03155637254901961 0.032679738562091505
0 0.5252018492065295 0.1835568076346096 0.042279411764705885 0.04738562091503268
0 0.35256586726335576 0.23390781810793773 0.027573529411764705 0.05228758169934641
0 0.3710968802169783 0.18653072328973044 0.028186274509803922 0.04330065359477124
0 0.4507969464398267 0.2929469606390332 0.0392156862745098 0.08006535947712418
