0 0.7789300216191342 0.5643187054543335 0.02303030303030303 0.03979591836734694
0 0.7597616116612173 0.5773624292319213 0.016363636363636365 0.04081632653061224
0 0.5630549744584721 0.6484014674842985 0.018787878787878787 0.03469387755102041
0 0.5247898257470802 0.5988722816035207 0.019393939393939394 0.0336734693877551
0 0.5403218720686337 0.5782853896163276 0.022424242424242423 0.03877551020408163
0 0.537419193788365 0.5975192592623744 0.014545454545454545 0.026530612244897958
0 0.3087481175272708 0.7423032042736427 0.022424242424242423 0.04285714285714286
0 0.24645540498650434 0.8526258081450847 0.020606060606060607 0.03979591836734694
0 0.4051869116778502 0.7609755159607994 0.019393939393939394 0.03877551020408163
0 0.25546725115702884 0.838411559554201 0.02484848484848485 0.030612244897959183
0 0.4196678774593344 0.8155042110791675 0.01575757575757576 0.03163265306122449
0 0.40996081049060995 0.8351640687305915 0.01696969696969697 0.03775510204081633
0 0.363049981897788 0.8503535942254955 0.015151515151515152 0.024489795918367346
0 0.36203580386223716 0.871974302254336 0.019393939393939394 0.0336734693877551
0 0.37527628114545997 0.8519909881762716 0.014545454545454545 0.025510204081632654
0 0.3176772049194395 0.6406723852924366 0.02303030303030303 0.04591836734693878
0 0.3199244797373095 0.5848748839091781 0.021212121212121213 0.058163265306122446
0 0.2101451698129248 0.5898048999428086 0.02 0.04387755102040816
0 0.09334567656006922 0.7791520412932198 0.022424242424242423 0.04387755102040816
0 0.13786546937519598 0.6510944566397663 0.02727272727272727 0.053061224489795916
0 0.1350105718978889 0.6199172373285108 0.02303030303030303 0.04081632653061224
0 0.11245578989232922 0.5363955519362577 0.024242424242424242 0.05510204081632653
0 0.1459884191801392 0.5554444702424047 0.02181818181818182 0.03979591836734694
0 0.1985087949615225 0.44627898330587673 0.021212121212121213 0.04081632653061224
0 0.21384076430191098 0.43293011860412917 0.01575757575757576 0.04795918367346939
0 0.09840178330593848 0.4536708960473162 0.024242424242424242 0.04693877551020408
0 0.3220099328564391 0.4085886430207 0.03333333333333333 0.03877551020408163
0 0.29775762061773037 0.55802524154056 0.025454545454545455 0.053061224489795916
0 0.3374969039308435 0.28994906456292036 0.02181818181818182 0.04387755102040816
0 0.3818399384150681 0.26101461342666205 0.01696969696969697 0.04081632653061224
0 0.5368033983862972 0.35899697302055333 0.019393939393939394 0.03571428571428571
0 0.5147321008726411 0.2313251527373305 0.018787878787878787 0.036734693877551024
0 0.5214574266407124 0.19782699561705644 0.017575757575757574 0.04591836734693878
0 0.37873952623369944 0.4160627993475241 0.013939393939393939 0.03163265306122449
0 0.5892683923733063 0.03160435878361944 0.01575757575757576 0.0326530612244898
0 0.597592981212791 0.014433871093725703 0.017575757575757574 0.027551020408163266
