0 0.2651864893068648 0.9952728658970474 0.025848765432098766 0.035493827160493825
0 0.29315938778723755 0.9888858534466889 0.025848765432098766 0.03189300411522634
0 0.29941568936851964 0.9493218173760153 0.031635802469135804 0.03343621399176955
0 0.31996659569276 0.9988397157383035 0.023919753086419752 0.035493827160493825
0 0.3314501496296272 0.9698042920095633 0.02546296296296296 0.03137860082304527
0 0.38449265336038846 0.882938567321655 0.02353395061728395 0.03497942386831276
0 0.39133829450018304 0.8622252645961428 0.026234567901234566 0.033950617283950615
0 0.3950182620051729 0.9324521805763311 0.016203703703703703 0.024691358024691357
0 0.4082162913815313 0.951100448109019 0.015817901234567902 0.026234567901234566
0 0.46367711860648914 0.9793875035371262 0.03125 0.047325102880658436
0 0.4879308532126844 0.9268600097018829 0.026234567901234566 0.03806584362139918
0 0.5250093060869362 0.9173244196407214 0.025848765432098766 0.03497942386831276
0 0.5117185371053438 0.9138940779292801 0.016975308641975308 0.024691358024691357
0 0.5334097873207647 0.9753047469609949 0.021604938271604937 0.03652263374485597
0 0.6322969810244696 0.7741481896067642 0.03279320987654321 0.046296296296296294
0 0.6352980831964219 0.8273752344904294 0.03356481481481482 0.045781893004115226
0 0.612856996933688 0.8280189015141103 0.028935185185185185 0.04989711934156379
0 0.6526992518200637 0.79348743797265 0.03202160493827161 0.044238683127572016
0 0.6469012149662157 0.8413114371888353 0.033950617283950615 0.03806584362139918
0 0.6732091062690915 0.8593714364399135 0.03279320987654321 0.05092592592592592
0 0.6674801846234939 0.8204208940138518 0.02353395061728395 0.032407407407407406
0 0.6859944949486215 0.8189391790865707 0.03433641975308642 0.026748971193415638
0 0.7128280439004957 0.8582748610733136 0.02507716049382716 0.043209876543209874
0 0.36642733023257 0.8540785729428074 0.022376543209876542 0.0411522633744856
0 0.5253049523808673 0.7837479262510061 0.033950617283950615 0.047839506172839504
0 0.526067279789014 0.7469281990746426 0.03279320987654321 0.038580246913580245
0 0.5583098492948914 0.75091597278017 0.033179012345679014 0.04526748971193416
0 0.5472798547107264 0.7151552255672374 0.029320987654320986 0.03343621399176955
0 0.574259553284542 0.6406308947840628 0.034722222222222224 0.0411522633744856
0 0.6062602504751982 0.6008502117611703 0.03433641975308642 0.04372427983539095
0 0.6236683439415989 0.569036020651439 0.03510802469135803 0.03137860082304527
0 0.6063710479593409 0.6340278982899401 0.03125 0.047839506172839504
0 0.5504132568191025 0.6503750468648887 0.033179012345679014 0.04063786008230453
0 0.5234062228362532 0.637902092846407 0.03510802469135803 0.04372427983539095
0 0.49433081850920346 0.6293972980949714 0.03125 0.04989711934156379
0 0.47846928196939364 0.758918911905376 0.031635802469135804 0.044238683127572016
0 0.45248400840748026 0.7729825672357029 0.033179012345679014 0.043209876543209874
0 0.405245472010644 0.7564824330089462 0.03009259259259259 0.04526748971193416
0 0.4012318869478808 0.7153204512281125 0.03009259259259259 0.038580246913580245
0 0.4212723436333248 0.7266224796078964 0.026234567901234566 0.035493827160493825
0 0.4484542209718332 0.691145307595181 0.03202160493827161 0.044238683127572016
0 0.32744471451496804 0.8021179218511136 0.027777777777777776 0.03189300411522634
0 0.4267565430949943 0.6564687657086821 0.03433641975308642 0.044753086419753084
0 0.446364081736674 0.6312771855315548 0.030864197530864196 0.03960905349794239
0 0.2808375639145389 0.8457178859710713 0.02546296296296296 0.03806584362139918
0 0.3079738172224417 0.8610612756988753 0.020833333333333332 0.03292181069958848
0 0.321651746997854 0.844295191985019 0.023148148148148147 0.03343621399176955
0 0.170011632157903 0.9467722446131945 0.021604938271604937 0.02726337448559671
0 0.14282084125127184 0.8649448810048058 0.024305555555555556 0.030349794238683128
0 0.17315331743372198 0.8629782732559579 0.019675925925925927 0.02726337448559671
0 0.21034342893545954 0.8367252391073662 0.022762345679012346 0.03137860082304527
0 0.20604198356486722 0.8813182255080959 0.02199074074074074 0.02880658436213992
0 0.127473065704292 0.7255912466101865 0.02353395061728395 0.027777777777777776
0 0.1994217459287326 0.6901035156568835 0.02353395061728395 0.02417695473251029
0 0.2513558133327399 0.643887843465661 0.036265432098765434 0.03909465020576132
0 0.4036006089607441 0.6508319326585352 0.027777777777777776 0.0360082304526749
0 0.4061243941636718 0.5897879369401445 0.04089506172839506 0.047839506172839504
0 0.5070810857935979 0.5497892811481239 0.03279320987654321 0.047325102880658436
0 0.4901214823431654 0.5224540303984624 0.036265432098765434 0.040123456790123455
0 0.38624307564234417 0.5186682372227392 0.03125 0.04526748971193416
0 0.4145186784787457 0.48828893251344174 0.02662037037037037 0.042695473251028807
0 0.3543064243232045 0.4773211076856648 0.024691358024691357 0.04218106995884774
0 0.34404581520928407 0.514324834427145 0.020061728395061727 0.030864197530864196
0 0.31854143640910637 0.5505896036174558 0.03279320987654321 0.047325102880658436
0 0.25183978870584584 0.5452112980303088 0.038580246913580245 0.04063786008230453
0 0.28003971545324013 0.520830066385746 0.031635802469135804 0.0411522633744856
0 0.2507903289138743 0.5103802670493076 0.030478395061728395 0.03755144032921811
0 0.12359784427736839 0.6183907772675872 0.026234567901234566 0.03343621399176955
0 0.1902897172691632 0.55635967784983 0.022376543209876542 0.02726337448559671
0 0.2743417070093872 0.4768068820192688 0.02700617283950617 0.038580246913580245
0 0.25782701578221184 0.48239211615228667 0.02816358024691358 0.03137860082304527
0 0.3013943650228421 0.43845927429723125 0.022376543209876542 0.024691358024691357
0 0.2187530187840599 0.42456199281890344 0.023919753086419752 0.03137860082304527
0 0.23813167365269317 0.40964429734565244 0.023148148148148147 0.030349794238683128
0 0.24850579690012442 0.36364346100707007 0.020833333333333332 0.03137860082304527
0 0.409365113486804 0.3565313168937173 0.023919753086419752 0.029835390946502057
0 0.3122926543752488 0.3273109230345215 0.021219135802469136 0.030864197530864196
0 0.3561429278063129 0.3107804378029107 0.024691358024691357 0.029835390946502057
0 0.3808623491640421 0.2973942450744911 0.02507716049382716 0.03446502057613169
0 0.4061466245399571 0.2811973004864326 0.021604938271604937 0.03909465020576132
0 0.467208015228802 0.29566933201507944 0.026234567901234566 0.035493827160493825
0 0.49375035682279933 0.3266164500332656 0.02816358024691358 0.03292181069958848
0 0.05541640216840133 0.3920024402939276 0.02546296296296296 0.03292181069958848
0 0.10502415775944186 0.3728217885043711 0.020833333333333332 0.02880658436213992
0 0.13340363323722723 0.3735465649157953 0.021604938271604937 0.03292181069958848
0 0.11359292146817278 0.3020755212159352 0.019290123456790122 0.02880658436213992
0 0.13414654444178126 0.30941862345235144 0.020061728395061727 0.027777777777777776
0 0.07120660403193357 0.420237896804906 0.017746913580246913 0.02263374485596708
0 0.08424821189354363 0.4565290395493434 0.017746913580246913 0.02263374485596708
0 0.15952170391690537 0.27028341855271854 0.022376543209876542 0.03497942386831276
0 0.17455415052768383 0.30088414060451635 0.020833333333333332 0.0360082304526749
0 0.09489164038855433 0.24756989012591724 0.015432098765432098 0.02263374485596708
0 0.012307184435866283 0.3366846495717665 0.015432098765432098 0.023662551440329218
0 0.19975297510312592 0.22327586407628852 0.013117283950617283 0.01954732510288066
0 0.21621240080756873 0.30861238240161387 0.020833333333333332 0.02880658436213992
0 0.2538021644639599 0.2873975317067567 0.021604938271604937 0.033950617283950615
0 0.20876592311110967 0.3428558080094601 0.017746913580246913 0.026748971193415638
0 0.31974542651378707 0.15882277455873123 0.019290123456790122 0.02880658436213992
0 0.31028412170917385 0.2059028682076805 0.021604938271604937 0.029835390946502057
0 0.30618992444000825 0.2838962842965896 0.023919753086419752 0.03806584362139918
0 0.32953369047209236 0.2956253327478354 0.027777777777777776 0.03189300411522634
0 0.356806815871812 0.1585070372540815 0.02199074074074074 0.030349794238683128
0 0.34359593117261755 0.1933270240118254 0.023148148148148147 0.04218106995884774
0 0.3959864077980339 0.14765098047578631 0.018518518518518517 0.030864197530864196
0 0.3762667133475273 0.16075227218707977 0.022376543209876542 0.029320987654320986
0 0.4101290299622981 0.11241073276222566 0.023148148148148147 0.030864197530864196
0 0.42646973897715745 0.10488049404420495 0.020061728395061727 0.03137860082304527
0 0.39059494794159844 0.20258676855375418 0.02044753086419753 0.023148148148148147
0 0.383001193041177 0.18556414610226193 0.020061728395061727 0.01748971193415638
0 0.40070927421423846 0.1719324588594636 0.019290123456790122 0.01954732510288066
0 0.4210335162334595 0.16074171324649203 0.017361111111111112 0.020061728395061727
0 0.7166963047886461 0.5621670746702166 0.022376543209876542 0.028292181069958847
0 0.8174323958129688 0.5134285109271844 0.021219135802469136 0.03497942386831276
0 0.7956904522302082 0.5084851327182688 0.016589506172839507 0.02417695473251029
0 0.7865055107352721 0.5021911144131505 0.018518518518518517 0.027777777777777776
0 0.7765780219977841 0.4813221744020121 0.023148148148148147 0.027777777777777776
0 0.792217732826645 0.47165864642625993 0.016589506172839507 0.02263374485596708
0 0.7611565590871608 0.4631975432851838 0.020061728395061727 0.023148148148148147
0 0.7301267957307622 0.47847153075695625 0.018132716049382717 0.02880658436213992
0 0.7440184012690192 0.46837174958606353 0.013503086419753086 0.026748971193415638
0 0.7550474014905023 0.44651703169246787 0.02199074074074074 0.03446502057613169
0 0.730434569423525 0.4488325094157373 0.020061728395061727 0.02726337448559671
0 0.7035623212838042 0.4623909945775617 0.02353395061728395 0.035493827160493825
0 0.7455675416256395 0.4163937804381368 0.022762345679012346 0.03137860082304527
0 0.7372612915410678 0.42961872495640896 0.023148148148148147 0.027777777777777776
0 0.6981813640628388 0.42733046132150565 0.02199074074074074 0.038580246913580245
0 0.7360770459059678 0.36875625479510155 0.027391975308641976 0.03189300411522634
0 0.7136516648347766 0.3812674671252067 0.022376543209876542 0.0360082304526749
0 0.6988472408537016 0.3902879909857326 0.019290123456790122 0.03189300411522634
0 0.6720261832626614 0.3761869178780218 0.025848765432098766 0.035493827160493825
0 0.6670735719300671 0.4120744548144208 0.02353395061728395 0.03652263374485597
0 0.6202152714842918 0.3733042897543183 0.026234567901234566 0.03652263374485597
0 0.6019681801580552 0.39032081599861984 0.02199074074074074 0.035493827160493825
0 0.6117635997017828 0.34298352070358007 0.027391975308641976 0.032407407407407406
0 0.713007157276856 0.159614431623468 0.024691358024691357 0.02880658436213992
0 0.6903408982531255 0.18597265233168128 0.021219135802469136 0.026748971193415638
0 0.6844675492722725 0.1610918614431371 0.01890432098765432 0.028292181069958847
0 0.6444426650441355 0.29139497622394656 0.022376543209876542 0.03189300411522634
0 0.6588884887457694 0.2609701688047108 0.015432098765432098 0.026234567901234566
0 0.6404858370481277 0.2457344396445618 0.025848765432098766 0.023662551440329218
0 0.6186820670618778 0.2509363453164771 0.02044753086419753 0.028292181069958847
0 0.5770395219735356 0.255075648825804 0.022376543209876542 0.030349794238683128
0 0.5990823144062999 0.2283064002854525 0.021219135802469136 0.033950617283950615
0 0.6181665480863474 0.2183672044162527 0.021604938271604937 0.027777777777777776
0 0.5818200065998387 0.22496344179473016 0.020061728395061727 0.023662551440329218
0 0.5630938760178914 0.22749918866937582 0.02507716049382716 0.03292181069958848
0 0.5417654342753022 0.23174120473029095 0.021219135802469136 0.028292181069958847
0 0.5483457119222308 0.20321342517808658 0.018518518518518517 0.030864197530864196
0 0.5757191321706232 0.18926913754712632 0.018518518518518517 0.026748971193415638
0 0.5127989719263703 0.24869376201729718 0.021604938271604937 0.035493827160493825
0 0.48552064397057787 0.28394819087060297 0.021219135802469136 0.026234567901234566
0 0.49739878072536475 0.2655976796778773 0.016975308641975308 0.026748971193415638
0 0.4842681442705706 0.25996513173534247 0.022376543209876542 0.02726337448559671
0 0.46678844968921474 0.23451520172100052 0.02044753086419753 0.027777777777777776
0 0.5102889031896217 0.20637437282905607 0.018132716049382717 0.029835390946502057
0 0.5264228612843953 0.19425143697612 0.018132716049382717 0.025205761316872428
0 0.5562139746263043 0.15914160118518328 0.022762345679012346 0.0257201646090535
0 0.5560077208875596 0.1833566366035319 0.019675925925925927 0.02417695473251029
0 0.5430750550040672 0.17252284589753633 0.023919753086419752 0.02417695473251029
0 0.48168190226347385 0.19483608305857214 0.019675925925925927 0.022119341563786008
0 0.5051728122801814 0.15032058384642835 0.02199074074074074 0.0257201646090535
