0 0.1176923076923077 0.98094688221709 0.03076923076923077 0.03810623556581986
0 0.2542307692307692 0.9757505773672055 0.02846153846153846 0.04849884526558892
0 0.35423076923076924 0.9844110854503464 0.031538461538461536 0.03117782909930716
0 0.2123076923076923 0.9185912240184757 0.024615384615384615 0.05658198614318707
0 0.2676923076923077 0.9081986143187067 0.027692307692307693 0.04734411085450346
0 0.17615384615384616 0.894919168591224 0.021538461538461538 0.03464203233256351
0 0.23153846153846153 0.8712471131639723 0.024615384615384615 0.049653579676674366
0 0.2526923076923077 0.8654734411085451 0.026923076923076925 0.026558891454965358
0 0.29423076923076924 0.8810623556581986 0.025384615384615384 0.04157043879907621
0 0.3446153846153846 0.8539260969976905 0.027692307692307693 0.054272517321016164
0 0.35 0.8036951501154734 0.02923076923076923 0.050808314087759814
0 0.3169230769230769 0.8060046189376443 0.026153846153846153 0.050808314087759814
0 0.025 0.8002309468822171 0.025384615384615384 0.046189376443418015
0 0.23615384615384616 0.796189376443418 0.03230769230769231 0.05889145496535797
0 0.06230769230769231 0.7869515011547344 0.024615384615384615 0.049653579676674366
0 0.47923076923076924 0.9815242494226328 0.021538461538461538 0.03695150115473441
0 0.4623076923076923 0.9105080831408776 0.027692307692307693 0.03348729792147806
0 0.4753846153846154 0.8643187066974596 0.026153846153846153 0.04734411085450346
0 0.49538461538461537 0.8215935334872979 0.018461538461538463 0.04503464203233257
0 0.5415384615384615 0.8556581986143187 0.024615384615384615 0.03695150115473441
0 0.5457692307692308 0.8914549653579676 0.031538461538461536 0.04157043879907621
0 0.3446153846153846 0.6397228637413395 0.023076923076923078 0.050808314087759814
0 0.46807692307692306 0.745958429561201 0.023846153846153847 0.04849884526558892
0 0.5269230769230769 0.7551963048498845 0.024615384615384615 0.04849884526558892
0 0.546923076923077 0.7673210161662818 0.026153846153846153 0.03348729792147806
0 0.05923076923076923 0.6247113163972287 0.026153846153846153 0.03695150115473441
0 0.043076923076923075 0.6085450346420324 0.023076923076923078 0.04157043879907621
0 0.18692307692307691 0.6414549653579676 0.026153846153846153 0.03579676674364896
0 0.1596153846153846 0.5825635103926097 0.01769230769230769 0.03579676674364896
0 0.14576923076923076 0.586027713625866 0.016153846153846154 0.03579676674364896
0 0.2276923076923077 0.5744803695150116 0.027692307692307693 0.02424942263279446
0 0.2296153846153846 0.598729792147806 0.026923076923076925 0.03348729792147806
0 0.3484615384615385 0.5727482678983834 0.02923076923076923 0.050808314087759814
0 0.33692307692307694 0.5306004618937644 0.026153846153846153 0.042725173210161664
0 0.2103846153846154 0.47113163972286376 0.026923076923076925 0.050808314087759814
0 0.21807692307692308 0.5046189376443418 0.02846153846153846 0.04849884526558892
0 0.23153846153846153 0.43475750577367206 0.026153846153846153 0.04041570438799076
0 0.2696153846153846 0.48036951501154734 0.03 0.03926096997690531
0 0.2623076923076923 0.39376443418013857 0.033846153846153845 0.05542725173210162
0 0.2903846153846154 0.42725173210161665 0.03 0.050808314087759814
0 0.05423076923076923 0.4122401847575058 0.026923076923076925 0.04387990762124711
0 0.3203846153846154 0.4387990762124711 0.03 0.046189376443418015
0 0.3169230769230769 0.4884526558891455 0.026153846153846153 0.05542725173210162
0 0.33884615384615385 0.47863741339491916 0.031538461538461536 0.05658198614318707
0 0.36423076923076925 0.4924942263279446 0.026923076923076925 0.049653579676674366
0 0.4053846153846154 0.5687066974595842 0.027692307692307693 0.054272517321016164
0 0.4269230769230769 0.5900692840646651 0.02923076923076923 0.04849884526558892
0 0.4469230769230769 0.6351039260969977 0.027692307692307693 0.03464203233256351
0 0.49846153846153846 0.6610854503464203 0.023076923076923078 0.049653579676674366
0 0.4707692307692308 0.6986143187066974 0.03076923076923077 0.04157043879907621
0 0.525 0.6685912240184757 0.03461538461538462 0.03926096997690531
0 0.5161538461538462 0.5721709006928406 0.027692307692307693 0.049653579676674366
0 0.4796153846153846 0.4924942263279446 0.025384615384615384 0.04734411085450346
0 0.47 0.4376443418013857 0.027692307692307693 0.050808314087759814
0 0.5176923076923077 0.4405311778290993 0.026153846153846153 0.04503464203233257
0 0.4930769230769231 0.4197459584295612 0.02923076923076923 0.04734411085450346
0 0.505 0.3960739030023095 0.02846153846153846 0.046189376443418015
0 0.553076923076923 0.5484988452655889 0.023076923076923078 0.03926096997690531
0 0.5403846153846154 0.5571593533487298 0.025384615384615384 0.03810623556581986
0 0.6142307692307692 0.6079676674364896 0.026923076923076925 0.03810623556581986
0 0.6219230769230769 0.5363741339491916 0.031538461538461536 0.04503464203233257
0 0.6126923076923076 0.4416859122401848 0.023846153846153847 0.04734411085450346
0 0.6026923076923076 0.4093533487297921 0.03307692307692308 0.04734411085450346
0 0.5803846153846154 0.3816397228637413 0.03461538461538462 0.04041570438799076
0 0.6607692307692308 0.6541570438799076 0.024615384615384615 0.04503464203233257
0 0.7138461538461538 0.48267898383371827 0.027692307692307693 0.06235565819861432
0 0.6630769230769231 0.5103926096997691 0.024615384615384615 0.03926096997690531
0 0.7430769230769231 0.47286374133949194 0.021538461538461538 0.054272517321016164
0 0.7361538461538462 0.5150115473441108 0.027692307692307693 0.046189376443418015
0 0.3803846153846154 0.31524249422632794 0.02846153846153846 0.057736720554272515
0 0.26884615384615385 0.12124711316397228 0.031538461538461536 0.053117782909930716
0 0.2630769230769231 0.04387990762124711 0.02923076923076923 0.06004618937644342
0 0.215 0.032909930715935336 0.03 0.05658198614318707
0 0.16884615384615384 0.3158198614318707 0.02846153846153846 0.03579676674364896
0 0.18 0.2846420323325635 0.03076923076923077 0.03810623556581986
0 0.3934615384615385 0.12066974595842957 0.026923076923076925 0.054272517321016164
0 0.23423076923076924 0.29330254041570436 0.023846153846153847 0.03695150115473441
0 0.35115384615384615 0.08083140877598152 0.025384615384615384 0.046189376443418015
0 0.35923076923076924 0.1033487297921478 0.023076923076923078 0.03579676674364896
0 0.385 0.03926096997690531 0.025384615384615384 0.046189376443418015
0 0.965 0.9543879907621247 0.031538461538461536 0.05658198614318707
0 0.9876923076923076 0.9428406466512702 0.024615384615384615 0.05889145496535797
0 0.9038461538461539 0.8314087759815243 0.03076923076923077 0.057736720554272515
0 0.7861538461538462 0.7650115473441108 0.03076923076923077 0.03810623556581986
0 0.8196153846153846 0.75 0.040769230769230766 0.03810623556581986
0 0.9184615384615384 0.707852193995381 0.043076923076923075 0.046189376443418015
0 0.9507692307692308 0.6922632794457275 0.027692307692307693 0.07043879907621248
0 0.9715384615384616 0.7136258660508084 0.03076923076923077 0.05542725173210162
0 0.9803846153846154 0.418013856812933 0.023846153846153847 0.057736720554272515
0 0.9361538461538461 0.4416859122401848 0.023076923076923078 0.04503464203233257
0 0.8980769230769231 0.4913394919168591 0.023846153846153847 0.03810623556581986
0 0.1976923076923077 0.37759815242494227 0.027692307692307693 0.04157043879907621
0 0.3811538461538462 0.2315242494226328 0.023846153846153847 0.05889145496535797
0 0.8838461538461538 0.424364896073903 0.026153846153846153 0.03348729792147806
0 0.8830769230769231 0.4607390300230947 0.03076923076923077 0.04157043879907621
0 0.8238461538461539 0.36027713625866054 0.02923076923076923 0.04157043879907621
0 0.813076923076923 0.32909930715935337 0.033846153846153845 0.05542725173210162
0 0.7642307692307693 0.378175519630485 0.03461538461538462 0.042725173210161664
0 0.7561538461538462 0.3504618937644342 0.02923076923076923 0.04041570438799076
0 0.8973076923076924 0.21939953810623555 0.03 0.053117782909930716
0 0.9 0.3810623556581986 0.021538461538461538 0.046189376443418015
0 0.8857692307692308 0.28117782909930716 0.019230769230769232 0.042725173210161664
0 0.6111538461538462 0.3418013856812933 0.03 0.06004618937644342
0 0.6026923076923076 0.30600461893764436 0.025384615384615384 0.046189376443418015
0 0.8842307692307693 0.1379907621247113 0.023846153846153847 0.05658198614318707
0 0.8534615384615385 0.15993071593533487 0.03307692307692308 0.05196304849884527
0 0.5596153846153846 0.10681293302540416 0.023846153846153847 0.042725173210161664
0 0.65 0.17436489607390301 0.026153846153846153 0.04387990762124711
0 0.4442307692307692 0.05138568129330254 0.02846153846153846 0.05889145496535797
0 0.6196153846153846 0.19341801385681293 0.019230769230769232 0.03810623556581986
0 0.4480769230769231 0.10103926096997691 0.02076923076923077 0.04734411085450346
