0 0.15841548705817843 0.23995094237026832 0.019290123456790122 0.030349794238683128
0 0.3769829195437276 0.14594537419797146 0.017746913580246913 0.03137860082304527
0 0.21985453026805496 0.38183833491416946 0.020833333333333332 0.037037037037037035
0 0.2690354315147471 0.3781328105919499 0.017746913580246913 0.026234567901234566
0 0.20015189933377525 0.3857197738689512 0.019290123456790122 0.02880658436213992
0 0.24060019333288823 0.4395220540856048 0.016589506172839507 0.0257201646090535
0 0.21814018804790253 0.4416652393754695 0.022376543209876542 0.022119341563786008
0 0.3264884558135573 0.3796420472644817 0.017361111111111112 0.030349794238683128
0 0.34643567571242634 0.377354268912248 0.01890432098765432 0.041666666666666664
0 0.438523482707622 0.2824087808190023 0.021219135802469136 0.03189300411522634
0 0.1341722907834674 0.6037167652091362 0.019290123456790122 0.035493827160493825
0 0.22137994870436706 0.5520278045601625 0.023919753086419752 0.03446502057613169
0 0.24121365446972534 0.5587371358050309 0.021604938271604937 0.02417695473251029
0 0.2613053017038499 0.5423796059152796 0.016975308641975308 0.0360082304526749
0 0.30307421624853875 0.4757749385184188 0.019675925925925927 0.023662551440329218
0 0.4608105001429735 0.3359360560506628 0.018132716049382717 0.0205761316872428
0 0.44583345227426646 0.32192417726324984 0.015817901234567902 0.027777777777777776
0 0.3695238529631101 0.4486782455417057 0.016975308641975308 0.02417695473251029
0 0.3148351278577649 0.4509808679421391 0.016975308641975308 0.030349794238683128
0 0.21812660480106227 0.6525392200048294 0.018518518518518517 0.04063786008230453
0 0.1796660689397474 0.7139241783908724 0.016203703703703703 0.03292181069958848
0 0.2500821751424536 0.6923868312757202 0.024691358024691357 0.044238683127572016
0 0.3422843574145032 0.5385491029691722 0.02044753086419753 0.032407407407407406
0 0.35213802556900897 0.5731364505353733 0.023148148148148147 0.03343621399176955
0 0.2805631536342113 0.6130882778005466 0.022762345679012346 0.026748971193415638
0 0.5045995775712281 0.4658691829758752 0.024305555555555556 0.028292181069958847
0 0.4879225343492272 0.5446391520191225 0.017361111111111112 0.028292181069958847
0 0.17922957310327206 0.7695004965760333 0.022376543209876542 0.04218106995884774
0 0.1996691847620288 0.7570329758562875 0.016975308641975308 0.029320987654320986
0 0.21659552232335072 0.7529128015027724 0.020061728395061727 0.029320987654320986
0 0.20356233084852235 0.8051184618261753 0.018518518518518517 0.03755144032921811
0 0.21818399226849738 0.7843589934822705 0.019290123456790122 0.028292181069958847
0 0.29038418630028623 0.7525385285395635 0.026234567901234566 0.028292181069958847
0 0.37305816802749925 0.6615729068450756 0.02700617283950617 0.03343621399176955
0 0.26209387263502376 0.8286657530489647 0.018132716049382717 0.033950617283950615
0 0.31504055614918086 0.8778956134776389 0.018132716049382717 0.03755144032921811
0 0.18860718509011273 0.9624534600921627 0.016589506172839507 0.03497942386831276
0 0.13522907507621426 0.9631531887663697 0.018518518518518517 0.03189300411522634
0 0.2611239331634481 0.9107879137066129 0.02353395061728395 0.02880658436213992
0 0.5572710253577287 0.7335992161878729 0.02044753086419753 0.032407407407407406
0 0.44672231805411294 0.7313843322597288 0.02970679012345679 0.032407407407407406
0 0.35666617094063485 0.9904867584475517 0.019675925925925927 0.0411522633744856
0 0.7691152444051167 0.7686143767650901 0.024691358024691357 0.04526748971193416
