0 0.39463848753943875 0.5822952936252926 0.028935185185185185 0.03497942386831276
0 0.36246453606047085 0.4627252457242542 0.02353395061728395 0.027777777777777776
0 0.23051383286996147 0.6934919768575439 0.021604938271604937 0.03652263374485597
0 0.20199771604302266 0.6590154267754855 0.02507716049382716 0.04681069958847737
0 0.21331245462763226 0.32866421476454244 0.021604938271604937 0.0360082304526749
0 0.23380560952243534 0.32506520281885365 0.02816358024691358 0.035493827160493825
0 0.32348364262955515 0.3109743334001605 0.022762345679012346 0.0257201646090535
0 0.3381639166223105 0.2934366447480326 0.015817901234567902 0.032407407407407406
0 0.2577304319455891 0.374658777270149 0.023919753086419752 0.03806584362139918
0 0.25170043070732434 0.5536343204855465 0.019675925925925927 0.032407407407407406
0 0.2439983642294649 0.6474726742716046 0.017746913580246913 0.025205761316872428
0 0.24307911812522887 0.6731275441064536 0.020061728395061727 0.032407407407407406
0 0.3149179952282086 0.6620775917309086 0.02546296296296296 0.03497942386831276
0 0.2102411453614231 0.5983203010315163 0.023919753086419752 0.03189300411522634
0 0.22523946493974792 0.6473607285963378 0.020833333333333332 0.033950617283950615
0 0.28445408025267777 0.7321562924495704 0.025848765432098766 0.03446502057613169
