0 0.21382837326117896 0.6837651428329511 0.02700617283950617 0.03960905349794239
0 0.37074570590005035 0.6927551380628378 0.022762345679012346 0.0411522633744856
0 0.18114685770813582 0.9925496748839128 0.025848765432098766 0.037037037037037035
0 0.31596079661609877 0.9098562087493179 0.01890432098765432 0.032407407407407406
0 0.2579304269382689 0.8859231150573927 0.01890432098765432 0.027777777777777776
0 0.20239528194898798 0.8425467346310842 0.013888888888888888 0.029835390946502057
0 0.21215150512352793 0.8192958739313477 0.017361111111111112 0.025205761316872428
0 0.17560142654764246 0.8079323506023018 0.017361111111111112 0.033950617283950615
0 0.19690216891919582 0.7953959129091943 0.011959876543209876 0.023148148148148147
0 0.21330655984356942 0.7854407248006706 0.016975308641975308 0.02263374485596708
0 0.1762617368204304 0.7477288767955447 0.01890432098765432 0.02726337448559671
0 0.13150172555791836 0.6423024454214524 0.017361111111111112 0.03189300411522634
0 0.21503226584253501 0.5857223683891468 0.022376543209876542 0.03189300411522634
0 0.3502182907534548 0.607283259798822 0.024305555555555556 0.03446502057613169
0 0.3743330313231307 0.4844759252493524 0.016975308641975308 0.03189300411522634
0 0.3496190432641377 0.4135125257260281 0.017361111111111112 0.02726337448559671
0 0.26664543779226607 0.40759278038411884 0.015432098765432098 0.029835390946502057
0 0.2394884099560865 0.38602857443217065 0.015432098765432098 0.025205761316872428
0 0.23556819489923692 0.4659669951060825 0.013503086419753086 0.029835390946502057
0 0.26213624713890615 0.3899776045434051 0.013888888888888888 0.01594650205761317
0 0.12675609588807327 0.49656922060057473 0.01890432098765432 0.025205761316872428
0 0.11356313584844878 0.47227422398560687 0.02044753086419753 0.03446502057613169
0 0.10417081303274728 0.3250691802695811 0.01890432098765432 0.032407407407407406
0 0.24585455035484358 0.7232614101213871 0.017361111111111112 0.03652263374485597
0 0.2888760978188786 0.7881503975825147 0.018518518518518517 0.02726337448559671
0 0.23463523232882183 0.5949852498475633 0.018518518518518517 0.029835390946502057
0 0.2543203025655338 0.5715159310960294 0.020061728395061727 0.029835390946502057
0 0.26407506989206514 0.8630765230741492 0.017361111111111112 0.026234567901234566
0 0.24446097036962858 0.8074916346737643 0.017361111111111112 0.028292181069958847
0 0.24989262095793352 0.7860848771070211 0.015817901234567902 0.023148148148148147
0 0.5558058442575585 0.760565319616177 0.014660493827160493 0.024691358024691357
0 0.5555326947785905 0.8005723679976365 0.021219135802469136 0.026748971193415638
