0 0.36612654320987653 0.9781378600823045 0.022376543209876542 0.020061728395061727
0 0.3888888888888889 0.981224279835391 0.020833333333333332 0.026234567901234566
0 0.2854938271604938 0.9657921810699589 0.024691358024691357 0.032407407407407406
0 0.24845679012345678 0.9431584362139918 0.018518518518518517 0.03137860082304527
0 0.22453703703703703 0.9323559670781894 0.020061728395061727 0.03446502057613169
0 0.5358796296296297 0.8912037037037037 0.019290123456790122 0.03343621399176955
0 0.5625 0.8986625514403292 0.013117283950617283 0.0257201646090535
0 0.5625 0.9305555555555556 0.018518518518518517 0.029835390946502057
0 0.5520833333333334 0.9112654320987654 0.014660493827160493 0.02109053497942387
0 0.34760802469135804 0.7662037037037037 0.022376543209876542 0.026234567901234566
0 0.33603395061728397 0.8027263374485597 0.013888888888888888 0.022119341563786008
0 0.35223765432098764 0.7847222222222222 0.022376543209876542 0.02109053497942387
0 0.279320987654321 0.7474279835390947 0.021604938271604937 0.0257201646090535
0 0.298804012345679 0.7368827160493827 0.021219135802469136 0.020061728395061727
0 0.28125 0.8094135802469136 0.019290123456790122 0.03343621399176955
0 0.5285493827160493 0.73559670781893 0.017746913580246913 0.024691358024691357
0 0.48649691358024694 0.8001543209876543 0.017746913580246913 0.029320987654320986
0 0.5298996913580247 0.6725823045267489 0.025848765432098766 0.02726337448559671
0 0.41242283950617287 0.7114197530864198 0.020061728395061727 0.040123456790123455
0 0.5212191358024691 0.70190329218107 0.015432098765432098 0.02726337448559671
0 0.3620756172839506 0.6705246913580247 0.021219135802469136 0.03343621399176955
0 0.4068287037037037 0.636059670781893 0.021219135802469136 0.035493827160493825
0 0.24344135802469136 0.6486625514403292 0.024691358024691357 0.033950617283950615
0 0.2596450617283951 0.6296296296296297 0.020061728395061727 0.024691358024691357
0 0.2808641975308642 0.6368312757201646 0.021604938271604937 0.03292181069958848
0 0.14371141975308643 0.6612654320987654 0.02353395061728395 0.026234567901234566
0 0.15779320987654322 0.5424382716049383 0.016975308641975308 0.032407407407407406
0 0.2035108024691358 0.5643004115226338 0.021219135802469136 0.03909465020576132
0 0.2152777777777778 0.507201646090535 0.024691358024691357 0.03909465020576132
0 0.27449845679012347 0.5570987654320988 0.01890432098765432 0.024691358024691357
0 0.26967592592592593 0.5995370370370371 0.024691358024691357 0.03446502057613169
0 0.3184799382716049 0.7782921810699589 0.019675925925925927 0.0257201646090535
0 0.3497299382716049 0.5447530864197531 0.018132716049382717 0.02880658436213992
0 0.13676697530864199 0.49151234567901236 0.01890432098765432 0.04063786008230453
0 0.15625 0.49074074074074076 0.011574074074074073 0.030864197530864196
0 0.1724537037037037 0.48302469135802467 0.017746913580246913 0.029835390946502057
0 0.16319444444444445 0.45987654320987653 0.019290123456790122 0.026748971193415638
0 0.1431327160493827 0.44753086419753085 0.020833333333333332 0.03497942386831276
0 0.22723765432098766 0.42849794238683125 0.023919753086419752 0.03189300411522634
0 0.18094135802469136 0.3868312757201646 0.019290123456790122 0.03292181069958848
0 0.15007716049382716 0.31995884773662553 0.023919753086419752 0.026748971193415638
0 0.20640432098765432 0.3081275720164609 0.022376543209876542 0.03189300411522634
0 0.3726851851851852 0.3477366255144033 0.021604938271604937 0.03292181069958848
0 0.2044753086419753 0.18724279835390947 0.021604938271604937 0.03497942386831276
0 0.22260802469135801 0.1404320987654321 0.020833333333333332 0.040123456790123455
0 0.24459876543209877 0.12037037037037036 0.016975308641975308 0.03909465020576132
0 0.4984567901234568 0.26954732510288065 0.018518518518518517 0.024691358024691357
0 0.4243827160493827 0.3256172839506173 0.018518518518518517 0.0257201646090535
