0 0.14187161940458554 0.462536913719961 0.03307692307692308 0.06566347469220246
0 0.18313393952102974 0.4801962370357047 0.025384615384615384 0.06566347469220246
0 0.0532328372438109 0.557495960928526 0.024615384615384615 0.04240766073871409
0 0.18930700932687064 0.39250771679644536 0.031538461538461536 0.047879616963064295
0 0.23069531007056518 0.3271077600866309 0.03230769230769231 0.05198358413132695
0 0.2808074836267146 0.39254672025085585 0.03 0.05471956224350205
0 0.3592899627275903 0.39489464596724855 0.033846153846153845 0.0533515731874145
0 0.4215535255315331 0.6263539489873444 0.026923076923076925 0.04514363885088919
0 0.3359061157306294 0.7537829983643771 0.025384615384615384 0.058823529411764705
0 0.3106477465921306 0.8784431731065487 0.026923076923076925 0.060191518467852256
0 0.32376509957925187 0.8586564403909019 0.023846153846153847 0.04377564979480164
0 0.3216368991958708 0.9232364724695412 0.02076923076923077 0.04514363885088919
0 0.3081349308241341 0.9418384919105172 0.022307692307692306 0.06155950752393981
0 0.3752564577046507 0.827112449899917 0.018461538461538463 0.0506155950752394
0 0.3588560668771978 0.8313146342634252 0.016923076923076923 0.0506155950752394
0 0.3792599059138079 0.7874605051869896 0.026153846153846153 0.046511627906976744
0 0.38059866057285907 0.7505445385862373 0.02923076923076923 0.04514363885088919
0 0.5083954770153474 0.7283225862758766 0.024615384615384615 0.058823529411764705
0 0.5867465589080788 0.9258882101692572 0.03076923076923077 0.0533515731874145
0 0.48688066440666994 0.36656585150211657 0.033846153846153845 0.08344733242134063
0 0.4990266370735695 0.6447446125094171 0.027692307692307693 0.0533515731874145
0 0.5071575315129253 0.3291605618444741 0.03461538461538462 0.060191518467852256
0 0.4806733069557629 0.19286284735515896 0.023846153846153847 0.0506155950752394
0 0.534940806503179 0.2793092034982499 0.033846153846153845 0.06155950752393981
0 0.559386806671802 0.2684257953369092 0.03 0.058823529411764705
0 0.5393905062653532 0.22735193658507183 0.036923076923076927 0.06429548563611491
0 0.5232127455628567 0.18709623954507212 0.031538461538461536 0.047879616963064295
0 0.5123974026836676 0.04023913916416399 0.03230769230769231 0.058823529411764705
0 0.6514558135583619 0.15256896503446063 0.02846153846153846 0.057455540355677154
0 0.543286737433883 0.6593259604489639 0.02846153846153846 0.06155950752393981
0 0.4990155382929155 0.5831509179162665 0.026923076923076925 0.06155950752393981
0 0.5170022197561308 0.5646830656590845 0.026923076923076925 0.07797537619699042
0 0.5424373725284939 0.5677904117192926 0.024615384615384615 0.07113543091655267
0 0.5731982128075177 0.5448945700241004 0.027692307692307693 0.06429548563611491
0 0.5312070918320408 0.4647988361045569 0.03538461538461538 0.0560875512995896
0 0.5588984082212441 0.4734877512740977 0.03230769230769231 0.07660738714090287
0 0.6058609237514149 0.4813453461227264 0.02923076923076923 0.07523939808481532
0 0.6183360178996601 0.45274034743894476 0.026923076923076925 0.058823529411764705
0 0.6277341889709821 0.4146576425577958 0.02923076923076923 0.0506155950752394
0 0.6389550878741238 0.3233658738969009 0.036923076923076927 0.049247606019151846
0 0.5438799102534876 0.324627775906681 0.03 0.05471956224350205
0 0.7187487074918489 0.27776886197766987 0.026923076923076925 0.06566347469220246
0 0.8174022880268289 0.29573728603474936 0.03076923076923077 0.04514363885088919
0 0.8130795601950093 0.34124571352913435 0.026923076923076925 0.0560875512995896
0 0.8464296507846365 0.32358944367925285 0.025384615384615384 0.05198358413132695
0 0.8733921663148072 0.26984194824499397 0.031538461538461536 0.04240766073871409
0 0.808891203480647 0.4213677646668266 0.022307692307692306 0.058823529411764705
0 0.8181633939247189 0.4663443398112359 0.03307692307692308 0.03556771545827633
0 0.8148436257677404 0.5313580070446053 0.026153846153846153 0.060191518467852256
0 0.8179518625804165 0.5723959158078944 0.026923076923076925 0.07113543091655267
0 0.8410517089028854 0.5573660111852055 0.026153846153846153 0.06976744186046512
0 0.8371513180754326 0.6000713769755184 0.027692307692307693 0.04377564979480164
0 0.7639661866547777 0.7699913827580988 0.026923076923076925 0.049247606019151846
0 0.8749049963172757 0.41677271152233625 0.026923076923076925 0.0533515731874145
0 0.8958739339659167 0.5224020480540016 0.026923076923076925 0.046511627906976744
0 0.9282082491127064 0.5563364935544649 0.025384615384615384 0.06155950752393981
0 0.9352141684623887 0.6107482456031558 0.031538461538461536 0.03419972640218878
0 0.9516273750578379 0.5354501061503183 0.025384615384615384 0.06429548563611491
0 0.9800778147387225 0.5615251938828154 0.033846153846153845 0.036935704514363885
0 0.6486700958965277 0.6214164262060193 0.03076923076923077 0.03556771545827633
0 0.6375549626655372 0.6596824068685848 0.025384615384615384 0.060191518467852256
