0 0.37789351851851855 0.49897119341563784 0.028935185185185185 0.03497942386831276
0 0.3948688271604938 0.6239711934156379 0.02353395061728395 0.027777777777777776
0 0.19405864197530864 0.5120884773662552 0.021604938271604937 0.03652263374485597
0 0.18229166666666666 0.5609567901234568 0.02507716049382716 0.04681069958847737
0 0.3159722222222222 0.8395061728395061 0.021604938271604937 0.0360082304526749
0 0.3350694444444444 0.8289609053497943 0.02816358024691358 0.035493827160493825
0 0.41801697530864196 0.7813786008230452 0.022762345679012346 0.0257201646090535
0 0.4373070987654321 0.7867798353909465 0.015817901234567902 0.032407407407407406
0 0.33719135802469136 0.7700617283950617 0.023919753086419752 0.03806584362139918
0 0.2648533950617284 0.6190843621399177 0.019675925925925927 0.032407407407407406
0 0.22299382716049382 0.5429526748971193 0.017746913580246913 0.025205761316872428
0 0.21257716049382716 0.5213477366255144 0.020061728395061727 0.032407407407407406
0 0.2789351851851852 0.48302469135802467 0.02546296296296296 0.03497942386831276
0 0.21219135802469136 0.6080246913580247 0.023919753086419752 0.03189300411522634
0 0.20679012345679013 0.5555555555555556 0.020833333333333332 0.033950617283950615
0 0.22627314814814814 0.4426440329218107 0.025848765432098766 0.03446502057613169
